Date,Open,High,Low,Close,Volume,Adj Close
2014-10-14,64.00,64.60,64.00,64.55,12914248,64.50
2014-10-13,64.15,64.55,63.80,64.00,19670686,64.00
2014-10-09,66.10,66.45,65.70,66.00,15003660,65.95
2014-10-08,65.80,66.05,65.70,65.70,8106253,65.70
2014-10-07,66.25,66.25,65.70,66.10,11314185,66.05
2014-10-06,66.65,66.70,66.15,66.65,6657762,66.60
2014-10-03,65.80,66.70,65.60,66.70,16238916,66.65
2014-10-02,65.00,65.75,64.90,65.50,11487395,65.50
2014-10-01,65.05,65.65,64.85,65.50,17507959,65.45
2014-09-30,65.30,65.65,64.65,65.30,20703888,65.25
2014-09-29,65.65,65.70,65.20,65.40,17179426,65.40
2014-09-26,65.50,65.85,65.25,65.60,23172009,65.60
2014-09-25,66.70,66.85,65.70,65.95,23056032,65.90
2014-09-24,66.55,66.80,66.30,66.55,25198120,66.55
2014-09-23,66.90,67.00,66.65,66.80,14803800,66.75
2014-09-22,67.35,67.35,66.55,66.95,27057800,66.90
2014-09-19,68.20,68.25,67.85,68.00,12117026,67.95
2014-09-18,67.70,68.05,67.60,67.85,16231841,67.80
2014-09-17,67.50,68.20,67.45,67.70,16515909,67.65
2014-09-16,67.65,67.65,67.15,67.20,18030287,67.15
2014-09-15,67.15,67.75,67.15,67.75,13125698,67.70
2014-09-12,68.40,68.40,67.60,67.75,19509840,67.70
2014-02-14,57.70,58.20,57.70,57.95,22328857,57.90
2014-02-13,57.45,57.55,57.35,57.40,8235696,57.35
2014-02-12,57.15,57.55,57.15,57.55,18604541,57.50
2014-02-11,56.60,56.95,56.60,56.95,5582078,56.90
2014-02-10,56.90,56.90,56.60,56.60,6020179,56.60
2014-02-07,56.40,56.70,56.30,56.60,16027524,56.60
2014-02-06,55.95,56.20,55.80,56.00,12853797,55.95
2014-02-05,56.40,56.40,55.60,55.80,57559609,55.75
2014-01-27,58.10,58.20,57.45,57.60,21325343,57.55
2014-01-24,58.30,58.80,58.30,58.65,10706035,58.65
2014-01-23,58.60,58.75,58.35,58.50,6904868,58.50
2014-01-22,58.45,58.65,58.35,58.65,6838219,58.65
2014-01-21,58.75,58.85,58.50,58.55,6963662,58.55
2014-01-20,58.40,58.80,58.40,58.80,5627156,58.75
2014-01-17,58.60,58.70,58.30,58.65,8169584,58.60
2014-01-16,58.50,58.75,58.50,58.55,12771698,58.55
2014-01-15,57.95,58.45,57.95,58.40,11675845,58.40
2014-01-14,57.70,57.85,57.60,57.80,4276441,57.80
2014-01-13,58.00,58.20,57.80,57.90,6179869,57.90
2014-01-10,57.50,57.65,57.50,57.55,4741624,57.55
2014-01-09,57.65,57.80,57.40,57.55,8571228,57.50
2014-01-08,57.70,57.95,57.70,57.80,7605215,57.80
2014-01-07,57.75,57.90,57.70,57.70,13128332,57.70
2014-01-06,57.75,57.95,57.55,57.70,14870810,57.70
2014-01-03,58.45,58.45,57.70,57.85,14509506,57.85
2014-01-02,58.70,58.75,58.35,58.55,10762073,58.55
2014-09-11,68.70,68.70,68.40,68.40,8677472,68.35
2014-09-10,68.95,68.95,68.05,68.65,17854876,68.60
2014-09-09,69.40,69.50,69.25,69.25,7410533,69.25
2014-09-05,69.30,69.30,68.65,69.00,7409895,68.95
2014-09-04,69.00,69.15,68.80,69.00,5388338,68.95
2014-09-03,68.90,69.45,68.85,69.25,6908361,69.25
2014-09-02,69.70,69.70,68.60,68.75,17741570,68.75
2014-09-01,69.25,69.95,69.25,69.80,5273975,69.75
2014-08-29,69.05,69.30,68.85,69.20,2432166,69.15
2014-08-28,69.25,69.45,69.20,69.35,3895335,69.35
2014-08-27,68.95,69.40,68.95,69.25,7614061,69.25
2014-08-26,68.60,68.80,68.55,68.60,1734004,68.60
2014-08-25,68.75,68.90,68.60,68.65,2955425,68.65
2014-08-22,68.10,68.95,68.10,68.75,7540274,68.70
2014-08-21,68.00,68.10,67.80,67.90,3052384,67.85
2014-08-20,67.70,68.05,67.70,68.00,8462251,68.00
2014-08-19,67.30,67.75,67.00,67.75,6729759,67.70
2014-08-18,67.10,67.10,66.60,66.90,2431156,66.85
2014-08-15,67.10,67.25,66.75,67.10,3889652,67.10
2014-08-14,67.00,67.25,66.95,67.10,5985133,67.10
2014-08-13,66.15,66.75,66.05,66.75,5217269,66.70
2014-08-12,66.00,66.30,65.85,66.10,4360382,66.05
2014-08-11,66.00,66.15,65.75,66.05,8083747,66.05
2014-08-08,65.45,65.70,65.05,65.70,14251196,65.65
2014-08-07,65.75,65.90,65.40,65.70,6005594,65.70
2014-08-06,65.30,65.75,65.05,65.70,6860410,65.65
2014-08-05,66.40,66.40,65.10,65.25,19581384,65.20
2014-08-04,66.20,66.70,66.10,66.60,3754385,66.55
2014-08-01,65.95,66.30,65.90,66.25,12831792,66.20
2014-07-31,67.85,67.85,66.60,66.75,11131485,66.70
2014-07-30,67.45,67.95,67.45,67.85,2800462,67.85
2014-07-29,67.75,67.95,67.20,67.45,7204003,67.40
2014-07-28,67.45,67.80,67.30,67.50,2764903,67.50
2014-07-25,68.40,68.40,67.45,67.65,5548433,67.60
2014-07-24,68.30,68.40,68.10,68.40,3849330,68.35
2014-07-22,67.70,68.20,67.50,68.10,4156126,68.05
2014-07-21,67.75,67.95,67.50,67.50,5309448,67.50
2014-07-18,67.05,67.60,67.00,67.50,6375175,67.45
2014-07-17,67.95,68.00,67.30,67.50,8012978,67.50
2014-07-16,68.95,69.00,68.10,68.35,5002973,68.30
2014-07-15,68.95,69.05,68.75,68.95,3956132,68.95
2014-07-14,68.25,68.80,68.25,68.70,3077528,68.65
2014-07-11,68.35,68.70,68.15,68.30,7800458,68.25
2014-07-10,67.80,68.45,67.80,68.35,5627537,68.35
2014-07-09,67.65,67.85,67.50,67.85,3129845,67.75
2014-07-08,67.80,67.90,67.60,67.75,5506198,67.70
2014-07-07,67.50,67.70,67.30,67.60,5515011,67.60
2014-07-04,67.80,67.90,67.35,67.70,7081035,67.70
2014-07-03,67.10,67.80,66.90,67.70,8115059,67.65
2014-07-02,66.80,67.55,66.65,67.10,11640582,67.05
2014-07-01,65.95,66.75,65.85,66.55,9614792,66.55
2014-06-30,65.30,66.00,65.20,65.95,7584505,65.90
2014-06-27,65.35,65.35,64.50,65.35,9225169,65.30
2014-06-26,64.75,65.40,64.75,65.35,9208018,65.35
2014-06-25,64.65,64.80,64.60,64.65,7516190,64.65
2014-06-24,64.85,65.05,64.70,64.80,7963338,64.75
2014-06-23,64.80,65.00,64.60,64.70,13750447,64.70
2014-06-20,64.95,65.10,64.70,64.75,3557667,64.75
2014-06-19,64.65,65.05,64.55,64.95,9933277,64.95
2014-06-18,64.40,64.80,64.30,64.50,9534569,64.50
2014-06-17,63.90,64.45,63.85,64.35,3853708,64.35
2014-06-16,63.85,64.00,63.60,63.90,2605436,63.85
2014-06-13,63.90,63.90,63.70,63.85,3322318,63.85
2014-06-12,64.00,64.10,63.90,64.00,4508091,63.95
2014-06-11,64.20,64.25,64.05,64.15,5038545,64.15
2014-06-10,63.85,64.30,63.85,64.20,6843134,64.20
2014-06-09,63.60,63.85,63.60,63.80,3894834,63.75
2014-06-06,63.65,63.75,63.40,63.55,3489349,63.50
2014-06-05,63.30,63.40,63.10,63.40,1703159,63.35
2014-06-04,63.40,63.55,63.30,63.40,3390223,63.35
2014-06-03,63.15,63.45,62.80,63.15,5110138,63.15
2014-05-30,63.40,63.45,63.10,63.10,6715690,63.05
2014-05-29,63.70,63.70,63.40,63.40,9544840,63.40
2014-05-28,63.15,63.80,63.15,63.70,11647085,63.70
2014-05-27,63.05,63.20,62.95,63.10,8034252,63.10
2014-05-26,62.85,63.10,62.85,63.05,8643880,63.00
2014-05-23,62.85,62.90,62.65,62.75,13448718,62.75
2014-05-22,62.00,62.65,61.95,62.65,14665439,62.60
2014-05-21,62.00,62.20,61.75,61.80,6524205,61.80
2014-05-20,61.90,62.30,61.90,62.10,9946886,62.10
2014-05-19,61.85,62.00,61.80,61.85,7165881,61.85
2014-05-16,61.65,61.85,61.40,61.85,9138648,61.80
2014-05-15,61.75,61.85,61.55,61.75,8903574,61.75
2014-05-14,61.60,61.80,61.45,61.80,10739563,61.80
2014-05-13,61.60,61.75,61.35,61.45,5610714,61.45
2014-05-12,61.50,61.50,61.10,61.15,3933661,61.15
2014-05-09,61.70,61.85,61.45,61.45,3932389,61.45
2014-05-08,61.60,61.85,61.40,61.85,3831478,61.80
2014-05-07,61.50,61.60,61.20,61.40,7877926,61.40
2014-05-06,61.50,61.75,61.10,61.55,10313513,61.55
2014-05-05,61.55,61.60,61.00,61.20,6845893,61.20
2014-05-02,61.15,61.65,61.15,61.30,7646838,61.25
2014-04-30,61.40,61.45,60.80,61.00,5598140,61.00
2014-04-29,61.25,61.50,61.10,61.35,6518965,61.30
2014-04-28,60.30,61.50,60.30,61.25,8482863,61.20
2014-04-25,61.65,61.80,60.60,60.70,22903168,60.70
2014-04-24,61.70,61.80,61.60,61.75,4518205,61.75
2014-04-23,61.85,62.05,61.50,61.65,5487114,61.65
2014-04-22,61.55,61.95,61.55,61.75,9137755,61.75
2014-04-21,61.45,61.65,61.45,61.55,3405648,61.55
2014-04-18,61.75,61.90,61.50,61.55,7072752,61.55
2014-04-17,61.30,61.40,61.10,61.15,3531783,61.15
2014-04-16,61.35,61.50,61.10,61.30,7049691,61.30
2014-04-15,61.20,61.45,61.20,61.35,13893416,61.30
2014-04-14,61.10,61.20,60.90,61.05,13397003,61.05
2014-04-11,60.80,61.15,60.80,61.15,15019135,61.15
2014-04-10,61.25,61.30,60.90,61.20,13486974,61.20
2014-04-09,60.80,61.10,60.80,61.00,12067064,61.00
2014-04-08,60.45,60.90,60.45,60.80,14011887,60.80
2014-04-07,60.40,60.50,60.30,60.50,11380319,60.45
2014-04-03,60.80,60.95,60.65,60.65,12620330,60.65
2014-04-02,60.80,61.15,60.80,60.80,19104855,60.80
2014-04-01,60.25,60.60,60.20,60.60,28836222,60.55
2014-03-31,60.05,60.15,59.90,60.10,17186901,60.10
2014-03-28,59.85,60.10,59.80,59.90,20164890,59.90
2014-03-27,59.50,59.85,59.45,59.80,11258157,59.80
2014-03-26,59.45,59.70,59.35,59.70,9980170,59.65
2014-03-25,58.50,59.15,58.50,59.15,4915027,59.10
2014-03-24,58.45,58.65,58.25,58.65,11346270,58.60
2014-03-21,58.65,58.65,58.40,58.50,4142984,58.50
2014-03-20,58.70,58.70,58.30,58.50,18482909,58.45
2014-03-19,59.40,59.45,58.95,59.25,9855394,59.20
2014-03-18,59.40,59.50,59.20,59.40,14863279,59.40
2014-03-17,59.15,59.20,58.90,59.05,8983182,59.05
2014-03-14,59.15,59.30,59.10,59.15,13449615,59.15
2014-03-13,59.25,59.80,59.25,59.75,25692825,59.70
2014-03-12,58.85,59.00,58.75,58.80,2671739,58.80
2014-03-11,59.25,59.45,59.15,59.35,4967719,59.30
2014-03-10,59.30,59.40,58.95,59.05,7930817,59.00
2014-03-07,59.30,59.80,59.30,59.40,30394804,59.40
2014-03-06,58.35,59.20,58.35,59.15,26226639,59.15
2014-03-05,58.20,58.45,58.20,58.30,6901618,58.30
2014-03-04,57.90,58.00,57.70,57.70,6185686,57.70
2014-03-03,57.80,58.15,57.50,57.95,8020935,57.90
2014-02-27,58.30,58.45,58.30,58.30,3676458,58.30
2014-02-26,58.00,58.50,57.95,58.40,8953651,58.35
2014-02-25,58.25,58.25,57.95,58.15,8621993,58.15
2014-02-24,58.40,58.45,57.80,57.90,7368063,57.90
2014-02-21,58.40,58.45,58.20,58.20,17317428,58.20
2014-02-20,58.05,58.05,57.60,57.65,13737331,57.65
2014-02-19,58.10,58.20,58.05,58.15,13366688,58.15
2014-02-18,57.95,58.15,57.80,58.15,13088686,58.15
2014-02-17,58.10,58.25,57.95,57.95,15434959,57.95