Date,Open,High,Low,Close,Volume,Adj Close
2014-10-14,44.80,45.40,44.80,45.15,3348053,45.15
2014-10-13,45.00,45.40,44.80,44.80,4828127,44.80
2014-10-09,45.50,46.15,45.40,46.00,6783681,45.95
2014-10-08,44.75,45.60,44.50,45.35,6030665,45.35
2014-10-07,44.80,45.00,44.35,44.75,5823823,44.70
2014-10-06,45.25,45.25,44.50,44.80,5088008,44.80
2014-10-03,44.80,45.30,44.40,45.10,4027202,45.10
2014-10-02,44.55,44.70,44.10,44.70,6821593,44.60
2014-10-01,45.50,45.50,44.70,44.80,6935048,44.80
2014-09-30,45.10,45.60,44.80,45.30,6356453,45.30
2014-09-29,45.80,45.80,44.95,45.00,8710255,45.00
2014-09-26,45.40,45.60,45.10,45.30,8267454,45.30
2014-09-25,47.00,47.00,45.60,45.85,6367436,45.80
2014-09-24,45.45,46.80,45.35,46.70,10221791,46.60
2014-09-23,45.95,46.00,45.45,45.45,6296553,45.45
2014-09-22,46.80,46.80,45.60,45.80,7691234,45.80
2014-09-19,46.90,47.45,46.50,46.95,6958307,46.95
2014-09-18,47.50,47.50,46.65,46.70,5727601,46.65
2014-09-17,47.00,47.45,46.80,47.30,8762139,47.20
2014-09-16,47.00,47.10,46.30,46.30,3934104,46.30
2014-09-15,46.30,47.00,46.20,46.75,6526609,46.70
2014-09-12,47.50,47.50,46.10,46.10,7045004,46.10
2014-09-11,47.10,47.50,46.55,47.15,4319087,47.15
2014-09-10,47.50,47.50,46.35,47.10,7442311,47.05
2014-09-09,47.50,47.70,47.40,47.65,4984394,47.60
2014-09-05,47.55,47.90,47.25,47.30,5878611,47.30
2014-09-04,47.70,47.90,47.35,47.90,3383810,47.75
2014-09-03,47.20,47.95,47.20,47.75,6575211,47.70
2014-09-02,48.40,48.40,47.00,47.10,6887280,47.10
2014-09-01,47.50,48.50,47.50,48.50,6054804,48.40
2014-08-29,47.80,48.10,47.50,47.50,5881146,47.45
2014-08-28,48.15,48.30,47.75,48.20,5300773,48.15
2014-08-27,48.40,48.60,48.00,48.30,8404219,48.25
2014-08-26,48.15,48.45,47.90,48.40,5255478,48.30
2014-08-25,49.55,49.55,48.10,48.30,11137634,48.25
2014-08-22,47.70,49.55,47.60,49.55,25596261,49.50
2014-08-21,47.20,47.50,46.80,47.50,14538470,47.45
2014-08-20,46.40,47.00,46.05,47.00,11028397,46.95
2014-08-19,46.00,46.35,45.85,46.30,12410142,46.25
2014-08-18,45.95,46.20,45.55,45.60,8459463,45.60
2014-08-15,46.10,46.10,45.55,45.95,6059124,45.95
2014-08-14,45.75,45.95,44.90,45.95,9013208,45.70
2014-08-13,45.00,45.50,45.00,45.50,7214179,45.45
2014-08-12,45.20,45.20,44.40,45.00,4468526,44.95
2014-08-11,44.90,45.20,44.80,44.90,6094665,44.90
2014-08-08,44.60,44.80,44.10,44.80,6494774,44.70
2014-08-07,44.75,44.75,44.20,44.60,8293609,44.50
2014-08-06,44.30,44.75,43.85,44.20,8088990,44.20
2014-08-05,45.55,45.60,44.25,44.30,11884593,44.30
2014-08-04,45.00,45.55,44.50,45.55,10532832,45.40
2014-08-01,44.70,45.00,44.40,44.45,6425030,44.45
2014-07-31,45.75,45.75,44.50,44.85,8821753,44.80
2014-07-30,45.90,46.00,45.20,45.70,17744326,45.65
2014-07-29,44.30,45.50,44.20,45.50,17122279,45.35
2014-07-28,44.00,44.30,44.00,44.05,7068378,44.05
2014-07-25,44.00,44.25,43.65,44.00,5741629,43.95
2014-07-24,44.00,44.20,43.65,44.00,7529139,43.95
2014-07-22,44.20,44.25,43.80,44.00,5007323,43.95
2014-07-21,44.10,44.30,44.00,44.20,4318538,44.10
2014-07-18,43.70,44.00,43.60,43.80,4474316,43.80
2014-07-17,44.00,44.00,43.50,43.70,22401730,43.70
2014-07-16,45.50,46.30,45.40,46.20,25983074,46.15
2014-07-15,45.50,45.50,45.10,45.30,15298579,45.25
2014-07-14,45.50,45.60,45.05,45.20,9870209,45.20
2014-07-11,45.50,45.70,45.20,45.50,10916466,45.40
2014-07-10,45.80,46.10,45.40,45.70,14377668,45.60
2014-07-09,45.50,45.80,45.50,45.70,8093770,45.65
2014-07-08,45.60,45.80,45.50,45.70,5261722,45.65
2014-07-07,45.70,45.85,45.40,45.70,6218922,45.65
2014-07-04,45.40,45.85,45.30,45.70,11659859,45.70
2014-07-03,45.40,45.65,45.20,45.40,12388664,45.40
2014-07-02,46.20,46.30,45.10,45.40,12026274,45.30
2014-07-01,45.20,46.40,45.05,46.20,12513182,46.15
2014-06-30,44.75,45.20,44.65,45.20,4902610,45.10
2014-06-27,44.65,44.80,44.60,44.75,4172044,44.70
2014-06-26,44.50,44.80,44.25,44.65,7980649,44.60
2014-06-25,45.05,45.10,44.50,44.65,6401103,44.65
2014-06-24,44.70,45.00,44.55,45.00,3667372,44.95
2014-06-23,44.80,44.90,44.40,44.40,7586061,44.35
2014-06-20,45.00,45.15,44.70,44.80,8081600,44.80
2014-06-19,45.00,45.20,44.85,45.00,6808107,45.00
2014-06-18,44.85,45.10,44.45,45.05,13820245,45.00
2014-06-17,45.00,45.15,44.55,44.70,11510259,44.65
2014-06-16,44.85,45.05,44.70,44.75,5936566,44.75
2014-06-13,45.00,45.35,44.80,44.85,8631442,44.85
2014-06-12,45.55,45.80,45.35,45.45,3991204,45.40
2014-06-11,45.95,45.95,45.55,45.80,6671456,45.70
2014-06-10,45.80,46.25,45.40,46.15,12204462,46.10
2014-06-09,46.05,46.35,45.20,46.30,10536964,46.25
2014-06-06,45.30,46.00,45.20,46.00,9518929,46.00
2014-06-05,44.50,45.15,44.20,45.00,10851865,45.00
2014-06-04,44.15,44.95,44.15,44.50,8138135,44.50
2014-06-03,44.60,45.00,44.15,44.35,10685411,44.30
2014-05-30,44.50,45.10,44.50,44.60,10819527,44.60
2014-05-29,44.55,45.10,44.55,44.75,9349404,44.70
2014-05-28,45.10,45.30,44.60,44.70,12714465,44.70
2014-05-27,44.30,45.15,44.10,45.10,8807187,45.05
2014-05-26,44.20,44.45,43.90,44.15,14089252,44.15
2014-05-23,43.90,44.75,43.90,44.20,17160647,44.20
2014-05-22,44.00,44.45,43.85,44.10,18875575,44.10
2014-05-21,44.10,44.55,43.90,44.00,14602407,43.95
2014-05-20,44.05,45.00,43.80,44.40,15457338,44.40
2014-05-19,45.70,45.70,44.35,44.50,15482451,44.50
2014-05-16,45.20,45.90,45.05,45.90,12477626,45.80
2014-05-15,44.30,45.40,44.15,45.30,10433288,45.30
2014-05-14,44.10,44.35,43.90,44.30,17985999,44.30
2014-05-13,44.20,44.55,43.85,44.00,21023607,44.00
2014-05-12,44.90,45.00,44.00,44.20,13660874,44.20
2014-05-09,45.50,45.70,44.75,45.30,13257992,45.30
2014-05-08,46.10,46.20,45.50,45.70,12525632,45.70
2014-05-07,46.60,46.65,46.00,46.00,14905709,46.00
2014-05-06,46.85,47.05,46.65,46.80,5972831,46.80
2014-05-05,47.45,47.60,46.80,46.95,4908523,46.90
2014-05-02,47.90,48.15,47.25,47.45,5317623,47.45
2014-04-30,47.85,48.20,47.80,47.90,7160924,47.85
2014-04-29,47.60,48.10,47.25,47.85,7042923,47.80
2014-04-28,46.50,47.80,46.35,47.60,10620120,47.55
2014-04-25,48.00,48.15,46.45,46.50,9426358,46.45
2014-04-24,48.50,48.50,48.10,48.15,5582042,48.10
2014-04-23,48.80,49.45,48.50,48.55,6556449,48.50
2014-04-22,49.10,49.10,48.60,48.75,3718712,48.75
2014-04-21,48.90,49.20,48.60,49.10,2337181,49.05
2014-04-18,48.70,49.00,48.50,49.00,2147628,48.85
2014-04-17,48.50,48.80,48.20,48.45,5137076,48.45
2014-04-16,48.55,49.80,48.20,48.40,8723967,48.40
2014-04-15,49.00,49.50,48.55,48.55,10468248,48.55
2014-04-14,49.00,49.15,47.95,48.30,9768596,48.25
2014-04-11,49.50,49.55,48.90,49.50,9700134,49.50
2014-04-10,48.20,49.50,48.05,49.50,18284909,49.45
2014-04-09,47.00,47.80,47.00,47.80,6199830,47.65
2014-04-08,47.15,47.55,46.90,46.90,11662998,46.90
2014-04-07,47.20,47.35,46.70,47.30,16274945,47.20
2014-04-03,47.50,48.45,47.10,47.20,12692698,47.20
2014-04-02,47.75,48.00,47.05,47.05,9294713,47.05
2014-04-01,47.00,47.80,47.00,47.80,6854026,47.60
2014-03-31,47.30,47.40,47.00,47.00,6549840,47.00
2014-03-28,47.00,47.25,46.90,47.20,7780213,47.00
2014-03-27,46.70,47.60,46.70,47.00,4790027,47.00
2014-03-26,47.95,47.95,47.05,47.45,5764309,47.35
2014-03-25,46.10,47.70,46.10,47.60,8130738,47.30
2014-03-24,45.95,46.55,45.80,46.00,6314239,45.95
2014-03-21,46.90,46.90,45.95,45.95,7074189,45.95
2014-03-20,46.55,46.70,46.10,46.70,6950785,46.70
2014-03-19,47.20,47.30,46.70,46.70,4068713,46.70
2014-03-18,47.10,47.40,47.00,47.00,4350589,47.00
2014-03-17,47.45,47.45,46.70,47.40,3992434,47.05
2014-03-14,46.65,47.20,46.50,47.00,4325746,47.00
2014-03-13,47.50,47.50,46.65,47.10,3741476,47.10
2014-03-12,46.70,47.25,46.40,47.25,5264436,47.15
2014-03-11,47.55,47.60,46.45,46.55,7815901,46.55
2014-03-10,46.75,47.75,46.75,47.50,7518435,47.50
2014-03-07,47.30,47.90,46.75,47.00,5716679,46.90
2014-03-06,47.90,48.00,47.10,47.15,5832281,47.15
2014-03-05,46.90,47.65,46.90,47.60,6826678,47.35
2014-03-04,47.05,47.45,46.50,46.50,8515430,46.50
2014-03-03,48.10,48.10,46.95,47.65,11869684,47.55
2014-02-27,47.45,48.35,47.35,48.30,7740097,48.00
2014-02-26,47.15,48.00,47.10,47.55,8941562,47.55
2014-02-25,46.75,48.45,46.75,47.80,11784461,47.80
2014-02-24,46.95,46.95,46.60,46.65,5576727,46.65
2014-02-21,46.00,46.95,45.85,46.95,12460559,46.85
2014-02-20,45.90,46.10,45.55,45.85,6057377,45.80
2014-02-19,46.15,46.20,45.40,45.80,5216504,45.65
2014-02-18,45.50,46.20,45.50,46.05,4791323,46.05
2014-02-17,45.00,46.10,45.00,46.00,10502736,46.00
2014-02-14,45.65,45.75,45.35,45.75,13305704,45.65
2014-02-13,44.40,45.55,44.40,45.45,7165448,45.45
2014-02-12,45.00,45.50,44.80,45.30,8054847,45.25
2014-02-11,44.00,45.10,43.80,44.65,7177142,44.60
2014-02-10,43.80,44.70,43.75,44.30,10091884,44.30
2014-02-07,43.45,44.05,43.45,43.60,10692918,43.60
2014-02-06,42.95,43.70,42.65,43.40,12017608,43.35
2014-02-05,42.50,42.90,41.35,42.60,20203829,42.60
2014-01-27,44.50,44.70,44.00,44.30,13768249,44.30
2014-01-24,45.35,45.35,44.25,45.35,9706544,45.30
2014-01-23,45.20,45.55,44.70,45.45,13175597,45.40
2014-01-22,44.95,45.25,44.90,45.20,10623591,45.15
2014-01-21,44.45,44.95,44.20,44.90,10737933,44.90
2014-01-20,44.00,44.45,43.85,44.15,7249236,44.15
2014-01-17,44.00,44.15,43.70,43.80,15951249,43.80
2014-01-16,45.10,45.75,43.90,44.00,16224498,44.00
2014-01-15,44.00,45.85,44.00,44.75,15911183,44.75
2014-01-14,43.50,44.15,43.40,44.10,8378495,44.05
2014-01-13,44.35,44.40,43.30,43.80,10387168,43.75
2014-01-10,42.90,43.80,42.70,43.80,12090549,43.60
2014-01-09,44.00,44.25,42.55,42.90,21508405,42.85
2014-01-08,44.20,44.45,43.65,43.90,18636200,43.85
2014-01-07,43.80,44.20,43.75,44.15,11592618,44.15
2014-01-06,44.95,44.95,43.60,43.60,11744181,43.60
2014-01-03,45.10,45.10,44.50,44.55,9962033,44.50
2014-01-02,45.95,46.05,45.25,45.40,8173405,45.35
2013-12-31,46.75,46.75,45.95,46.25,5813398,46.10
2013-12-30,46.00,46.60,45.75,46.60,10441609,46.15
2013-12-27,45.60,46.10,45.55,45.70,6303721,45.70
2013-12-26,45.50,45.85,45.35,45.65,3703885,45.65
2013-12-25,45.40,45.60,45.15,45.50,4510725,45.45
2013-12-24,45.80,45.85,45.35,45.40,5734455,45.40
2013-12-23,45.65,46.45,45.65,45.85,8836751,45.80
2013-12-20,45.45,46.00,45.20,45.65,8380053,45.65
2013-12-19,45.00,45.75,45.00,45.45,7440883,45.40
2013-12-18,45.45,45.45,44.50,44.95,7343127,44.90
2013-12-17,45.05,45.65,44.80,44.80,6424053,44.80
2013-12-16,45.60,45.70,44.95,44.95,8686915,44.95
2013-12-13,46.40,46.40,45.50,45.90,7799294,45.80
2013-12-12,45.50,46.60,45.10,46.40,16715840,46.35
2013-12-11,45.00,45.50,44.80,45.30,8856314,45.30
2013-12-10,45.00,45.00,44.50,45.00,6858671,45.00
2013-12-09,45.45,45.60,44.65,44.80,9631208,44.80
2013-12-06,45.60,45.90,44.35,44.35,14838110,44.35
2013-12-05,46.50,46.50,45.90,46.05,9895773,46.05
2013-12-04,46.55,46.55,46.05,46.05,7237442,46.05
2013-12-03,46.35,46.95,46.05,46.55,13539850,46.50
2013-12-02,46.85,46.85,46.05,46.35,7723457,46.20
2013-11-29,46.00,46.95,46.00,46.85,13394156,46.80
2013-11-28,45.70,46.50,45.70,46.00,13911827,45.95
2013-11-27,44.45,45.60,44.20,45.00,25558682,45.00
2013-11-26,43.30,45.60,43.30,43.60,34027049,43.60
2013-11-25,43.00,44.00,42.90,43.65,16221581,43.65
2013-11-22,42.20,42.95,42.05,42.60,10607797,42.55
2013-11-21,42.80,42.80,42.10,42.10,10137269,42.10
2013-11-20,43.20,43.45,42.55,42.55,14540360,42.55
2013-11-19,43.40,44.25,43.10,43.90,17855956,43.85
2013-11-18,42.65,43.45,42.60,43.00,9815251,43.00
2013-11-15,41.50,42.45,41.20,42.45,9962814,42.40
2013-11-14,40.45,41.00,40.45,41.00,4750364,40.80
2013-11-13,42.00,42.00,40.30,41.00,7295504,40.95
2013-11-12,40.75,41.70,40.60,41.60,8876399,41.55
2013-11-11,40.30,41.00,40.30,41.00,5197915,40.85
2013-11-08,40.25,41.05,40.25,41.05,4901938,40.90
2013-11-07,40.80,41.05,40.45,41.05,6379983,40.85
2013-11-06,41.00,41.35,40.50,40.80,7084687,40.75
2013-11-05,41.05,41.50,41.00,41.00,5277424,41.00
2013-11-04,42.30,42.30,41.20,41.55,5334195,41.55
2013-11-01,43.15,43.15,42.25,42.40,4966300,42.35
2013-10-31,42.00,42.75,42.00,42.75,6419670,42.45
2013-10-30,42.00,42.75,42.00,42.75,5021639,42.60
2013-10-29,41.90,42.65,41.90,42.50,3594176,42.50
2013-10-28,42.10,42.65,41.70,42.65,4369534,42.50
2013-10-25,42.05,42.45,41.90,42.10,4883843,42.10
2013-10-24,42.50,42.85,42.45,42.80,3934304,42.70
2013-10-23,43.45,43.55,42.85,42.90,4474795,42.90
2013-10-22,43.20,43.55,42.95,43.20,4820853,43.15
2013-10-21,43.05,43.65,43.05,43.20,2718533,43.20
2013-10-18,44.20,44.20,43.00,43.65,4974499,43.55
2013-10-17,44.20,44.25,43.70,43.95,3045074,43.90
2013-10-16,43.90,44.00,43.55,43.85,3510927,43.80
2013-10-15,43.40,43.90,43.20,43.90,7333223,43.90
2013-10-14,43.00,44.25,43.00,43.20,7250797,43.20
2013-10-11,43.70,43.95,42.95,43.00,6825610,43.00
2013-10-09,43.00,43.40,42.95,43.20,8319816,43.10
2013-10-08,43.00,43.60,42.90,43.60,9391185,43.50
2013-10-07,42.95,42.95,42.50,42.75,7943078,42.70
2013-10-04,42.20,43.00,42.20,43.00,8928803,42.80
2013-10-03,42.50,43.00,42.50,42.60,8042480,42.55
2013-10-02,41.70,42.80,41.50,42.30,10578300,42.25
2013-10-01,43.00,43.00,41.60,41.70,8695887,41.65
2013-09-30,43.00,43.25,41.90,42.80,15088762,42.75
2013-09-27,41.80,43.15,41.80,43.00,21627105,42.95
2013-09-26,41.70,41.75,41.05,41.70,11204628,41.65
2013-09-25,41.80,41.80,41.05,41.70,11014344,41.65
2013-09-24,41.90,42.00,41.20,41.50,8974942,41.45
2013-09-23,40.80,42.05,40.80,41.90,16665285,41.80
2013-09-18,41.00,41.10,40.65,40.65,8651107,40.65
2013-09-17,41.00,41.00,40.50,40.80,9948759,40.75
2013-09-16,39.80,41.25,39.80,41.15,13230201,41.10
2013-09-14,40.00,40.15,39.40,39.40,4174936,39.40
2013-09-13,40.25,40.50,40.00,40.20,7614540,40.15
2013-09-12,40.40,40.75,40.25,40.70,13013277,40.60
2013-09-11,39.80,40.00,39.70,40.00,11308402,40.00
2013-09-10,39.25,40.00,39.25,40.00,11407858,39.95
2013-09-09,39.35,39.80,39.30,39.75,6661112,39.50
2013-09-06,39.70,39.80,39.50,39.75,7628096,39.70
2013-09-05,39.65,39.75,39.55,39.70,8306793,39.65
2013-09-04,39.30,39.50,38.85,39.50,7967742,39.45
2013-09-03,39.50,39.60,38.90,39.20,5948121,39.15
2013-09-02,39.60,39.60,39.15,39.45,8574145,39.45
2013-08-30,38.95,39.50,38.75,39.50,18860728,39.40
2013-08-29,38.45,38.90,38.45,38.80,4780331,38.75
2013-08-28,37.80,38.60,37.75,38.45,6319359,38.45
2013-08-27,38.50,38.75,38.05,38.05,5560748,38.05
2013-08-26,39.00,39.00,38.40,38.95,3794091,38.90
2013-08-23,39.00,39.00,38.50,38.75,4397759,38.70
2013-08-22,37.80,39.00,37.50,39.00,14710395,38.80
2013-08-20,38.60,38.80,38.00,38.30,6194027,38.25
2013-08-19,39.05,39.10,38.60,38.80,8374913,38.80
2013-08-16,38.50,39.10,38.40,38.95,12283063,38.90
2013-08-15,38.60,38.90,37.70,38.70,8784794,38.65
2013-08-14,38.90,39.00,38.20,38.60,9217180,38.55
2013-08-13,38.50,38.90,38.10,38.90,16350701,38.80
2013-08-12,37.00,38.45,36.90,38.35,18766416,38.30
2013-08-09,37.35,37.40,36.55,36.55,7029888,36.55
2013-08-08,36.90,37.20,36.45,37.00,6445031,36.90
2013-08-07,36.25,37.00,36.10,36.90,7512473,36.90
2012-12-28,39.00,39.00,38.55,38.90,4811175,38.85
2012-12-27,38.75,38.95,38.25,38.85,6232931,38.80
2012-12-26,38.00,38.90,38.00,38.70,8237451,38.65
2012-12-25,37.50,38.20,37.35,38.00,4650255,37.95
2012-12-24,36.95,37.50,36.85,37.50,4695706,37.45
2012-12-22,37.50,37.50,36.70,36.70,4553184,36.70
2012-12-21,38.50,38.50,37.30,37.50,10211037,37.45
2012-12-20,38.60,38.90,38.30,38.50,7310583,38.45
2012-12-19,38.85,38.90,38.25,38.50,7670556,38.40
2012-12-18,38.90,39.00,37.80,38.75,8464024,38.70
2012-12-17,39.00,39.15,38.80,38.85,4500603,38.80
2012-12-14,39.00,39.20,38.90,39.05,6775543,39.00
2012-12-13,39.00,39.10,38.75,39.05,7773351,39.00
2012-12-12,39.50,39.65,38.70,39.00,12212486,38.95
2012-12-11,38.70,39.05,38.25,38.90,12621732,38.90
2012-12-10,39.35,39.65,38.70,39.00,12611113,38.95
2012-12-07,38.20,39.75,38.15,39.40,25472120,39.35
2012-12-06,38.20,38.20,37.70,37.90,7822779,37.90
2012-12-05,37.70,38.25,37.40,38.20,10650752,38.15
2012-12-04,37.70,37.70,37.30,37.70,6881361,37.65
2012-12-03,38.20,38.30,37.75,38.00,6588536,37.95
2012-11-30,37.45,38.05,37.35,38.05,18374139,38.00
2012-11-29,36.20,37.40,36.15,37.30,17915900,37.25
2012-11-28,36.40,36.50,35.80,36.00,11294951,35.95
2012-11-27,36.40,36.70,36.25,36.40,9152473,36.40
2012-11-26,37.00,37.15,36.40,36.80,9035182,36.75
2012-11-23,36.20,36.80,36.10,36.80,9921846,36.80
2012-11-22,36.80,37.00,35.90,36.15,7487216,36.15
2012-11-21,37.00,37.10,36.60,36.80,4975232,36.75
2012-11-20,36.80,37.00,36.55,36.80,5881143,36.80
2012-11-19,36.40,36.75,36.20,36.60,4915313,36.60
2012-11-16,36.35,36.90,36.30,36.40,3968163,36.35
2012-11-15,36.65,36.70,36.10,36.35,5123226,36.35
2012-11-14,37.35,37.35,36.25,36.80,9737492,36.75
2012-11-13,38.00,38.00,36.80,36.95,8388642,36.95
2012-11-12,37.65,38.00,37.55,37.65,4125198,37.60
2012-11-09,37.90,37.90,37.35,37.65,7916607,37.65
2012-11-08,38.50,38.50,37.65,38.00,7762059,38.00
2012-11-07,38.55,38.65,38.25,38.50,11660751,38.45
2012-11-06,38.50,38.50,37.85,38.35,12152844,38.30
2012-11-05,37.35,38.35,37.30,38.10,17054647,38.10
2012-11-02,37.40,37.90,36.70,37.35,12344320,37.35
2012-11-01,37.00,37.15,36.30,36.60,8491812,36.55
2012-10-31,37.75,37.80,37.20,37.45,5217197,37.40
2012-10-30,37.30,38.05,37.25,37.40,11286495,37.35
2012-10-29,36.45,37.15,36.40,36.95,5780901,36.90
2012-10-26,38.00,38.00,36.40,36.45,11437763,36.40
2012-10-25,37.65,38.05,37.40,37.95,12949517,37.90
2012-10-24,37.40,37.90,37.05,37.65,12304025,37.60
2012-10-23,37.90,37.90,37.35,37.60,7883581,37.60
2012-10-22,37.30,37.80,37.15,37.80,11076636,37.75
2012-10-19,37.00,37.80,37.00,37.60,31210140,37.55
2012-10-18,36.90,36.90,36.65,36.80,6101237,36.75
2012-10-17,36.80,36.90,36.60,36.90,9181447,36.80
2012-10-16,36.30,36.70,36.00,36.65,10624664,36.65
2012-10-15,35.20,36.20,35.20,36.20,8757974,36.15
2012-10-12,36.20,36.20,34.85,35.40,8192935,35.35
2012-10-11,36.20,36.55,35.85,35.95,7548744,35.90
2012-10-09,36.50,36.90,36.50,36.70,11084990,36.65
2012-10-08,36.60,37.00,36.15,36.30,12033903,36.25
2012-10-05,36.20,36.30,36.00,36.30,6007692,36.25
2012-10-04,35.80,36.20,35.35,36.20,6375079,36.15
2012-10-03,35.80,35.90,35.55,35.60,2234146,35.55
2012-10-02,36.00,36.05,35.65,35.75,6129453,35.75
2012-10-01,36.30,36.50,35.90,35.95,6189179,35.95
2012-09-28,36.10,36.40,35.65,36.30,9051757,36.20
2012-09-27,36.00,36.10,35.60,36.05,7385881,36.00
2012-09-26,35.80,35.90,35.60,35.80,3267192,35.75
2012-09-25,36.20,36.30,35.75,36.00,7628620,35.95
2012-09-24,35.90,36.45,35.40,36.30,6132763,36.20
2012-09-21,35.70,35.95,35.40,35.90,9411219,35.85
2012-09-20,35.80,36.00,35.25,35.25,10997218,35.25
2012-09-19,35.60,36.00,35.45,35.95,10296459,35.95
2012-09-18,36.70,36.70,35.75,35.90,9515210,35.90
2012-09-17,37.00,37.00,36.55,36.70,9908834,36.65
2012-09-14,35.75,36.95,35.75,36.70,24895322,36.70
2012-09-13,35.30,35.45,35.15,35.40,5727118,35.35
2012-09-12,35.10,35.50,35.00,35.15,10710936,35.10
2012-09-11,35.20,35.30,34.60,34.90,7388344,34.85
2012-09-10,33.90,35.60,33.85,35.10,34066706,35.10
2012-09-07,32.90,34.15,32.45,33.75,25045390,33.75
2012-09-06,32.70,32.75,32.45,32.50,4641061,32.50
2012-09-05,33.00,33.00,32.50,32.55,8299058,32.55
2012-09-04,32.70,33.20,32.50,33.05,12114752,33.05
2012-09-03,32.50,32.90,32.35,32.55,5443407,32.55
2012-08-31,32.60,32.80,32.45,32.55,6808672,32.50
2012-08-30,33.10,33.15,32.50,32.60,11096669,32.60
2012-08-29,33.50,33.55,33.00,33.05,8847661,33.05
2012-08-28,33.70,33.80,33.45,33.45,5039017,33.45
2012-08-27,33.90,34.20,33.80,33.85,3117807,33.85
2012-08-24,34.00,34.05,33.85,33.90,5049425,33.90
2012-08-23,33.90,34.20,33.90,34.00,5637682,33.95
2012-08-22,34.10,34.20,33.90,34.15,7051567,34.10
2012-08-21,34.70,34.85,34.30,34.45,7118392,34.40
2012-08-20,34.80,34.80,34.20,34.35,5046684,34.35
2012-08-17,34.85,35.00,34.40,34.80,9586055,34.80
2012-08-16,35.60,35.60,34.95,35.00,8931565,35.00
2012-08-15,35.50,35.60,34.90,35.40,6732773,35.35
2012-08-14,36.00,36.25,35.25,35.30,6850774,35.25
2012-08-13,36.45,36.45,35.80,36.00,9120586,35.95
2012-08-10,36.00,36.20,35.80,35.80,12924915,35.80
2012-08-09,35.70,35.90,35.45,35.80,11170498,35.70
2012-08-08,35.70,36.00,35.30,35.50,7937031,35.45
2012-08-07,35.20,35.85,35.20,35.70,5833302,35.70
2012-08-06,36.00,36.45,35.65,35.70,8124215,35.65
2012-08-03,35.80,35.90,35.50,35.80,4694182,35.65
2012-08-01,35.00,35.75,34.85,35.75,7731076,35.70
2013-08-06,36.95,36.95,36.25,36.40,7152454,36.40
2013-08-05,37.20,37.20,36.70,36.95,4120384,36.90
2013-08-02,37.40,37.40,36.90,37.20,4495286,37.15
2013-08-01,37.15,37.20,36.80,37.00,4249801,37.00
2013-07-31,37.00,37.25,36.60,36.65,7132029,36.65
2013-07-30,37.05,37.20,36.60,37.15,7016083,37.10
2013-07-29,36.90,37.10,36.35,36.35,5091719,36.35
2013-07-26,37.25,37.25,36.35,36.75,7875865,36.70
2013-07-25,36.80,37.25,36.70,36.80,13881036,36.80
2013-07-24,39.10,39.10,38.50,38.50,11318172,38.50
2013-07-23,38.95,39.15,38.70,39.10,15088170,39.05
2013-07-22,38.75,38.85,38.60,38.80,8680865,38.80
2013-07-19,38.25,38.75,38.20,38.60,8816815,38.50
2013-07-18,38.20,38.50,38.15,38.35,8283877,38.35
2013-07-17,38.10,38.30,37.95,38.25,7234273,38.25
2013-07-16,38.00,38.10,37.70,38.10,5416397,38.00
2013-07-15,37.50,38.00,37.50,38.00,7230371,37.95
2013-07-12,37.40,37.85,37.40,37.85,9253000,37.80
2013-07-11,37.20,37.40,37.00,37.20,8959694,37.20
2013-07-10,36.30,37.10,36.30,36.95,9349878,36.90
2013-07-09,36.25,36.50,36.15,36.30,5764695,36.25
2013-07-08,36.40,36.50,35.85,36.15,4556525,36.05
2013-07-05,36.50,36.80,36.30,36.40,6422180,36.40
2013-07-04,35.80,36.50,35.80,36.30,4313383,36.30
2013-07-03,35.40,36.55,35.20,36.05,13263882,36.00
2013-07-02,37.00,37.20,35.55,35.60,15477243,35.60
2013-07-01,36.80,37.20,36.30,37.00,7705426,37.00
2013-06-28,35.85,36.95,35.40,36.90,12837205,36.85
2013-06-27,35.20,35.55,34.95,35.50,9861656,35.50
2013-06-26,34.50,34.80,33.90,34.80,17522324,34.75
2013-06-25,34.50,34.50,33.75,33.75,19432733,33.75
2013-06-24,35.15,35.30,34.60,34.60,18930650,34.60
2013-06-21,36.50,37.10,35.15,35.15,26341776,35.15
2013-06-20,37.50,37.55,37.20,37.30,10653560,37.30
2013-06-19,37.55,37.80,37.50,37.55,8338361,37.55
2013-06-18,37.80,37.80,37.40,37.55,9071268,37.55
2013-06-17,37.65,38.80,37.30,37.80,4817906,37.80
2013-06-14,37.35,37.65,37.20,37.40,6859302,37.40
2013-06-13,38.10,38.20,37.35,37.35,12478768,37.35
2013-06-11,38.45,38.45,38.00,38.10,6595317,38.10
2013-06-10,38.20,38.50,38.00,38.45,5202873,38.45
2013-06-07,37.50,37.90,37.40,37.85,4251504,37.80
2013-06-06,37.30,37.75,37.30,37.50,5964152,37.50
2013-06-05,38.00,38.05,37.30,37.60,10855417,37.55
2013-06-04,38.70,38.70,38.05,38.10,6235855,38.10
2013-06-03,38.60,38.70,38.25,38.40,8492897,38.40
2013-05-31,38.90,39.50,38.50,39.45,14588634,39.40
2013-05-30,39.70,39.70,38.70,38.75,6262159,38.75
2013-05-29,39.30,39.85,39.30,39.85,3925004,39.80
2013-05-28,39.50,39.50,39.10,39.30,2663026,39.30
2013-05-27,39.15,39.30,39.00,39.30,3711078,39.15
2013-05-24,39.60,39.65,38.90,39.15,4938976,39.10
2013-05-23,39.60,39.65,39.30,39.35,6392388,39.30
2013-05-22,39.75,39.80,39.50,39.70,3408179,39.65
2013-05-21,39.40,39.60,39.25,39.50,3780715,39.45
2013-05-20,39.50,39.80,39.20,39.25,4009207,39.25
2013-05-17,39.85,39.90,39.45,39.50,6870204,39.50
2013-05-16,39.45,39.80,39.05,39.70,8781561,39.70
2013-05-15,39.10,39.45,38.85,39.45,4913246,39.35
2013-05-14,38.70,39.15,38.70,39.10,4135666,39.10
2013-05-13,39.10,39.15,38.65,38.65,1908910,38.65
2013-05-10,39.10,39.20,38.95,39.20,3247960,39.15
2013-05-09,38.70,39.15,38.70,39.15,8582130,39.10
2013-05-08,38.30,38.85,38.30,38.70,8218638,38.65
2013-05-07,38.55,38.60,38.25,38.40,3594122,38.35
2013-05-06,38.65,38.70,38.45,38.45,3800977,38.45
2013-05-03,38.50,38.80,38.00,38.30,7901345,38.20
2013-05-02,39.05,39.05,38.50,38.50,6069136,38.50
2013-04-30,38.90,39.25,38.80,39.20,4661788,39.05
2013-04-29,38.90,39.00,38.70,38.70,2968865,38.65
2013-04-26,38.60,39.20,38.60,38.90,3155822,38.90
2013-04-25,39.30,39.30,38.70,39.00,4284671,38.85
2013-04-24,39.15,39.30,38.90,39.30,4731532,39.25
2013-04-23,39.40,39.50,38.70,38.75,3338850,38.75
2013-04-22,39.55,40.10,39.25,39.35,11089205,39.30
2013-04-19,38.05,38.60,38.00,38.40,5254299,38.35
2013-04-18,38.20,38.60,37.85,38.05,7896843,38.05
2013-04-17,38.45,38.45,38.00,38.40,7063206,38.35
2013-04-16,37.70,38.50,37.70,38.45,5424230,38.40
2013-04-15,38.00,38.40,38.00,38.40,5802736,38.35
2013-04-12,38.00,38.40,37.75,38.00,6048169,38.00
2013-04-11,37.75,38.15,37.35,38.00,6110238,37.85
2013-04-10,38.00,38.25,37.50,37.75,6664799,37.70
2013-04-09,37.50,38.05,37.40,37.75,6662303,37.75
2013-04-08,37.90,38.05,37.50,37.50,7518154,37.50
2013-04-03,38.00,38.40,37.85,38.40,4703491,38.25
2013-04-02,37.45,38.10,37.20,37.85,5184772,37.85
2013-04-01,37.50,37.65,37.45,37.55,3385120,37.50
2013-03-29,37.50,37.55,36.90,37.50,3556536,37.45
2013-03-28,37.40,37.40,36.80,36.80,4673770,36.80
2013-03-27,36.65,37.10,36.65,37.10,6166657,37.05
2013-03-26,36.50,37.15,36.45,36.85,5990336,36.85
2013-03-25,36.50,36.65,36.40,36.45,4245623,36.45
2013-03-22,36.40,36.60,36.40,36.45,7471752,36.45
2013-03-21,36.50,36.90,36.35,36.50,9104464,36.50
2013-03-20,36.75,36.90,36.35,36.50,9292012,36.50
2013-03-19,36.50,37.05,36.25,36.75,7144924,36.75
2013-03-18,36.65,36.65,36.05,36.20,11454314,36.20
2013-03-15,37.60,37.70,36.65,36.65,10128955,36.65
2013-03-14,38.15,38.15,37.30,37.40,11637149,37.40
2013-03-13,38.50,38.65,38.15,38.50,3309613,38.45
2013-03-12,38.20,38.40,37.85,38.15,4543336,38.15
2013-03-11,38.80,38.85,38.20,38.30,5671625,38.30
2013-03-08,38.30,39.05,38.30,38.95,4710117,38.95
2013-03-07,38.40,38.50,38.30,38.30,4782486,38.30
2013-03-06,38.60,38.75,38.40,38.60,6429125,38.55
2013-03-05,38.50,38.70,38.05,38.60,6487640,38.60
2013-03-04,38.85,38.85,38.10,38.60,11140334,38.60
2013-03-01,38.35,38.90,38.15,38.85,8099416,38.80
2013-02-27,37.90,38.40,37.70,38.05,8088396,38.05
2013-02-26,38.00,38.20,37.80,37.85,6240627,37.85
2013-02-25,38.45,38.60,38.20,38.20,8422869,38.20
2013-02-23,38.50,38.50,37.95,38.45,4043682,38.45
2013-02-22,37.90,38.55,37.20,38.25,13082886,38.25
2013-02-21,38.35,38.45,37.40,37.40,20419289,37.40
2013-02-20,38.95,39.00,38.10,38.25,19701162,38.20
2013-02-19,39.45,39.45,38.70,38.95,9125588,38.90
2013-02-18,40.50,40.80,38.80,38.95,12920368,38.90
2013-02-06,40.20,40.20,39.15,39.15,9161149,39.15
2013-02-05,40.45,40.45,39.65,39.75,12299585,39.70
2013-02-04,40.05,40.60,39.90,40.45,11539633,40.45
2013-02-01,40.15,40.20,39.85,40.05,6416577,40.00
2013-01-31,39.80,40.00,39.75,39.90,7139650,39.80
2013-01-30,39.60,39.80,39.20,39.80,8017680,39.75
2013-01-29,39.40,39.60,39.30,39.60,6611802,39.55
2013-01-28,39.10,39.55,38.90,39.25,7214023,39.15
2013-01-25,38.90,39.25,38.65,39.10,8601843,39.00
2013-01-24,38.80,39.15,38.50,39.00,5816670,38.95
2013-01-23,38.80,39.05,38.70,38.95,3720603,38.90
2013-01-22,38.85,39.10,38.45,39.00,4343619,38.90
2013-01-21,38.30,38.95,38.20,38.85,5561944,38.80
2013-01-18,38.50,39.00,38.00,38.75,16762108,38.75
2013-01-17,39.20,39.20,37.50,37.80,9392585,37.80
2013-01-16,39.30,39.30,38.65,38.95,4870378,38.90
2013-01-15,39.40,39.40,38.75,39.00,6009521,38.95
2013-01-14,39.20,39.50,38.20,39.50,11525113,39.45
2013-01-11,39.65,39.95,39.40,39.65,7716292,39.50
2013-01-10,39.00,39.65,38.80,39.65,15592427,39.60
2013-01-09,38.80,39.00,38.50,38.55,5776333,38.50
2013-01-08,38.90,39.10,38.20,38.50,6454905,38.45
2013-01-07,39.10,39.10,38.65,38.90,5067416,38.80
2013-01-04,39.40,39.45,38.60,39.00,8682170,38.90
2013-01-03,39.50,39.50,38.75,38.85,9710784,38.85
2013-01-02,38.95,39.10,38.65,39.00,6374614,38.90