Date,Open,High,Low,Close,Volume,Adj Close
2014-10-14,38.30,39.15,38.15,38.45,4154141,38.45
2014-10-13,38.10,38.65,38.05,38.20,2983846,38.20
2014-10-09,38.65,39.00,38.35,39.00,2831320,38.90
2014-10-08,38.00,38.70,38.00,38.65,5225933,38.50
2014-10-07,38.30,38.50,38.00,38.05,2842569,38.05
2014-10-06,38.85,38.85,38.20,38.20,3350436,38.20
2014-10-03,38.35,38.85,38.05,38.75,1999379,38.70
2014-10-02,38.55,38.55,38.05,38.05,3798437,38.05
2014-10-01,39.20,39.20,38.30,38.60,2004690,38.60
2014-09-30,38.80,39.10,38.20,38.85,3791873,38.85
2014-09-29,39.40,39.40,38.70,38.70,5014679,38.70
2014-09-26,39.30,39.30,38.90,39.15,1720857,39.10
2014-09-25,39.80,39.80,39.25,39.30,3199375,39.25
2014-09-24,39.20,39.85,39.10,39.85,3084203,39.60
2014-09-23,38.70,39.20,38.70,39.00,1994494,38.90
2014-09-22,39.20,39.20,38.55,38.70,4557139,38.65
2014-09-19,40.00,40.00,39.15,39.15,5553990,39.15
2014-09-18,39.95,40.00,39.70,39.80,2278021,39.80
2014-09-17,39.95,40.20,39.80,39.95,3520206,39.85
2014-09-16,40.15,40.20,39.70,39.75,2443345,39.75
2014-09-15,40.20,40.45,39.85,40.00,3365585,39.95
2014-09-12,40.20,40.50,40.00,40.20,4125828,40.05
2014-09-11,39.55,39.80,39.50,39.80,4542966,39.75
2014-09-10,40.10,40.10,39.40,39.45,7044364,39.45
2014-09-09,40.60,40.75,40.00,40.00,6393734,40.00
2014-09-05,40.80,40.95,40.40,40.50,4270744,40.45
2014-09-04,41.00,41.00,40.60,40.65,4310659,40.65
2014-09-03,40.80,41.10,40.70,41.10,4501310,41.00
2014-09-02,41.40,41.40,40.50,40.60,5529905,40.60
2014-09-01,41.15,41.40,40.90,41.15,2915426,41.15
2014-08-29,41.50,41.60,41.00,41.00,5102914,41.00
2014-08-28,41.60,41.65,41.15,41.65,10334309,41.55
2014-08-27,43.50,43.90,43.40,43.80,9583889,43.75
2014-08-26,43.80,43.90,43.15,43.40,8276872,43.40
2014-08-25,44.50,44.50,43.75,43.80,3383338,43.80
2014-08-22,43.80,44.20,43.80,44.15,7278035,44.10
2014-08-21,43.50,43.80,43.45,43.80,3842723,43.70
2014-08-20,43.35,43.50,43.30,43.45,4658072,43.40
2014-08-19,42.55,43.30,42.50,43.20,6683897,43.15
2014-08-18,42.60,42.65,42.30,42.35,3133667,42.35
2014-08-15,42.60,42.60,42.30,42.35,5306841,42.35
2014-08-14,42.25,42.30,42.10,42.30,4547365,42.25
2014-08-13,41.90,42.55,41.90,42.25,5317756,42.25
2014-08-12,41.90,41.95,41.25,41.90,5870224,41.85
2014-08-11,41.00,41.95,41.00,41.85,6014734,41.80
2014-08-08,41.60,41.60,40.85,41.00,4443201,41.00
2014-08-07,41.00,41.30,40.85,41.30,3607086,41.25
2014-08-06,41.10,41.10,40.70,40.70,4309156,40.70
2014-08-05,42.20,42.20,40.85,41.05,7102441,41.00
2014-08-04,41.65,42.40,41.50,42.00,5052019,42.00
2014-08-01,41.20,41.75,41.20,41.65,3422465,41.65
2014-07-31,42.60,42.60,41.70,41.80,5706228,41.80
2014-07-30,42.35,42.45,42.20,42.40,7469695,42.35
2014-07-29,41.20,42.30,41.20,42.15,7094119,42.10
2014-07-28,41.00,41.20,40.90,41.20,3509659,41.10
2014-07-25,40.90,41.00,40.80,41.00,1802972,40.90
2014-07-24,41.00,41.10,40.60,41.00,2446294,40.95
2014-07-22,40.80,41.15,40.70,41.15,3035997,41.00
2014-07-21,40.70,40.85,40.55,40.75,3195002,40.70
2014-07-18,40.70,40.95,40.65,40.65,2075800,40.65
2014-07-17,40.95,41.30,40.50,40.95,3204090,40.80
2014-07-16,40.95,41.05,40.80,41.00,3188302,40.90
2014-07-15,41.00,41.10,40.75,40.85,1374762,40.80
2014-07-14,41.00,41.00,40.80,40.85,2280575,40.85
2014-07-11,41.10,41.50,40.75,40.85,3064002,40.80
2014-07-10,41.10,41.55,41.10,41.55,3102738,41.40
2014-07-09,41.35,41.40,40.95,41.40,2768625,41.30
2014-07-08,41.20,41.35,40.80,41.35,2839066,41.20
2014-07-07,40.70,41.35,40.70,41.30,2641163,41.25
2014-07-04,40.75,41.40,40.60,41.15,3227366,41.10
2014-07-03,40.90,41.05,40.40,40.75,2585383,40.70
2014-07-02,41.00,41.20,40.50,40.90,1996206,40.80
2014-07-01,41.00,41.30,40.85,41.00,2391820,41.00
2014-06-30,40.80,41.10,40.50,40.90,3762304,40.85
2014-06-27,40.70,40.95,40.55,40.75,4340379,40.75
2014-06-26,40.40,40.95,40.40,40.70,4816264,40.70
2014-06-25,40.35,40.75,40.20,40.55,5046509,40.55
2014-06-24,40.05,40.55,40.00,40.40,6559084,40.40
2014-06-23,40.00,40.20,39.90,40.10,5211349,40.00
2014-06-20,40.00,40.30,39.90,40.00,7144162,40.00
2014-06-19,39.95,40.10,39.80,40.10,10119240,40.00
2014-06-18,39.70,39.95,39.50,39.95,6951596,39.80
2014-06-17,39.60,39.85,39.50,39.70,4815780,39.70
2014-06-16,36.90,39.75,36.90,39.50,6230810,39.50
2014-06-13,39.70,39.75,39.25,39.65,4219857,39.40
2014-06-12,39.45,39.75,39.15,39.75,2803865,39.55
2014-06-11,39.90,39.95,39.05,39.25,5490649,39.25
2014-06-10,39.50,39.90,39.25,39.90,5107471,39.75
2014-06-09,38.95,39.55,38.95,39.35,5586212,39.30
2014-06-06,38.90,39.40,38.90,39.40,4663360,39.30
2014-06-05,38.90,39.15,38.70,38.90,7000398,38.90
2014-06-04,38.90,39.00,38.80,38.85,5614602,38.85
2014-06-03,39.05,39.35,39.00,39.25,4003698,39.05
2014-05-30,38.95,39.40,38.90,39.05,6658284,39.05
2014-05-29,38.80,39.05,38.80,38.95,5502532,38.95
2014-05-28,39.20,39.20,38.75,39.00,6208792,39.00
2014-05-27,39.00,39.20,38.80,39.05,2472259,39.05
2014-05-26,38.75,39.10,38.60,38.90,2067623,38.90
2014-05-23,38.70,39.05,38.60,38.75,3326718,38.75
2014-05-22,39.00,39.20,38.70,38.80,8015361,38.80
2014-05-21,39.20,39.40,38.95,39.00,4369772,39.00
2014-05-20,40.00,40.00,39.40,39.40,4313968,39.40
2014-05-19,40.30,40.35,39.70,40.00,3563376,39.90
2014-05-16,39.60,40.30,39.50,40.30,4859560,40.05
2014-05-15,40.00,40.25,39.70,39.70,2985012,39.70
2014-05-14,39.80,40.15,39.60,40.15,6424294,40.00
2014-05-13,39.30,39.90,39.25,39.80,4862798,39.65
2014-05-12,39.30,39.30,38.90,39.20,3615063,39.05
2014-05-09,39.40,39.40,38.80,39.35,4494136,39.10
2014-05-08,39.25,39.50,38.95,39.20,4869130,39.15
2014-05-07,39.55,39.60,38.90,39.10,5977340,39.00
2014-05-06,39.45,39.55,39.15,39.50,4512873,39.40
2014-05-05,40.10,40.20,39.10,39.40,4528798,39.35
2014-05-02,39.80,40.00,39.80,40.00,4600783,39.95
2014-04-30,39.85,39.90,39.30,39.70,10485271,39.65
2014-04-29,39.25,39.75,39.00,39.70,5116431,39.40
2014-04-28,39.00,39.40,38.75,39.20,5428113,39.20
2014-04-25,40.20,40.30,39.50,39.50,6898484,39.50
2014-04-24,40.20,40.25,39.90,40.20,6706817,40.00
2014-04-23,39.70,40.25,39.60,40.20,10911370,40.15
2014-04-22,39.70,39.70,39.40,39.65,4946371,39.60
2014-04-21,39.55,39.70,39.45,39.65,4422012,39.60
2014-04-18,39.50,39.55,39.30,39.55,5240343,39.55
2014-04-17,39.60,39.60,39.25,39.50,16276419,39.50
2014-04-16,39.50,39.60,39.25,39.35,10634908,39.35
2014-04-15,39.60,39.60,39.10,39.40,11632108,39.35
2014-04-14,39.80,39.85,38.55,38.65,7947170,38.65
2014-04-11,39.05,39.90,38.85,39.70,12976181,39.50
2014-04-10,38.50,39.05,38.35,39.05,10965196,39.00
2014-04-09,38.30,38.45,38.20,38.30,6324179,38.30
2014-04-08,38.50,38.50,38.05,38.30,4733212,38.25
2014-04-07,38.30,38.65,38.00,38.25,6805790,38.20
2014-04-03,38.35,38.40,38.15,38.25,6608916,38.25
2014-04-02,38.30,38.50,38.00,38.25,9196516,38.25
2014-04-01,38.00,38.25,37.70,38.25,8168139,38.20
2014-03-31,38.15,38.15,37.50,38.00,9574910,37.80
2014-03-28,38.25,38.25,37.50,37.70,14709122,37.65
2014-03-27,37.40,38.30,37.20,38.30,67866923,38.25
2014-03-26,38.25,38.35,38.15,38.30,2494529,38.15
2014-03-25,37.65,38.25,37.65,38.25,2832870,38.20
2014-03-24,37.30,37.65,37.25,37.65,1637267,37.50
2014-03-21,37.20,37.50,37.20,37.30,3078071,37.30
2014-03-20,37.50,37.80,37.35,37.70,3187613,37.60
2014-03-19,38.00,38.05,37.50,37.55,2070723,37.55
2014-03-18,38.00,38.30,37.80,38.00,2203971,38.00
2014-03-17,37.80,38.00,37.55,37.75,2048964,37.65
2014-03-14,37.55,38.20,37.40,37.65,2313319,37.65
2014-03-13,38.20,38.40,37.85,38.20,3814263,38.00
2014-03-12,38.30,38.50,38.20,38.50,1158524,38.45
2014-03-11,38.40,38.45,37.90,38.40,2905667,38.20
2014-03-10,38.10,38.25,38.05,38.20,2806313,38.15
2014-03-07,38.30,38.70,38.20,38.45,6773137,38.45
2014-03-06,38.00,38.35,38.00,38.10,3208760,38.10
2014-03-05,38.20,38.25,38.00,38.00,2484446,38.00
2014-03-04,37.60,38.10,37.60,38.00,3623608,38.00
2014-03-03,38.00,38.10,37.35,38.05,4713669,37.90
2014-02-27,38.25,38.45,38.15,38.30,4020341,38.25
2014-02-26,38.00,38.45,37.95,38.25,4353383,38.25
2014-02-25,37.80,38.20,37.75,38.00,4135404,37.95
2014-02-24,38.00,38.05,37.50,37.80,2606335,37.70
2014-02-21,37.80,38.00,37.80,38.00,5849586,38.00
2014-02-20,37.75,37.80,37.60,37.75,2482975,37.70
2014-02-19,37.70,37.80,37.40,37.80,2162026,37.70
2014-02-18,37.00,37.70,37.00,37.70,2010161,37.65
2014-02-17,37.50,37.70,37.30,37.30,1451737,37.30
2014-02-14,37.60,37.70,37.45,37.65,2869475,37.60
2014-02-13,37.45,37.55,37.20,37.40,2322564,37.35
2014-02-12,36.90,37.45,36.70,37.45,2728137,37.40
2014-02-11,36.30,36.70,36.30,36.60,1229362,36.60
2014-02-10,36.50,36.80,36.45,36.45,3739433,36.45
2014-02-07,36.35,36.60,36.20,36.50,2534063,36.50
2014-02-06,35.90,36.15,35.80,36.00,8517952,36.00
2014-02-05,36.70,36.70,35.60,36.00,11978718,35.95
2014-01-27,37.50,37.60,37.05,37.30,6110552,37.25
2014-01-24,37.50,37.80,37.50,37.70,3534646,37.60
2014-01-23,37.90,37.90,37.55,37.60,3021164,37.60
2014-01-22,37.70,37.90,37.70,37.90,1855675,37.85
2014-01-21,37.50,37.80,37.50,37.60,2800857,37.60
2014-01-20,37.65,37.80,37.55,37.60,2186803,37.60
2014-01-17,37.80,37.80,37.50,37.60,2361021,37.60
2014-01-16,37.70,37.85,37.60,37.60,3580668,37.60
2014-01-15,37.40,37.85,37.35,37.60,4978801,37.60
2014-01-14,37.35,37.50,37.30,37.30,2454503,37.30
2014-01-13,37.60,37.75,37.30,37.30,4763242,37.30
2014-01-10,37.50,37.60,37.30,37.45,4097587,37.45
2014-01-09,37.60,37.75,37.30,37.45,5882747,37.40
2014-01-08,37.70,38.05,37.50,37.55,5253687,37.50
2014-01-07,37.50,37.95,37.50,37.60,4504095,37.55
2014-01-06,37.75,37.85,37.50,37.50,3755481,37.50
2014-01-03,38.00,38.05,37.60,37.75,3916818,37.75
2014-01-02,38.60,38.65,38.05,38.10,1736282,38.10
2013-12-31,38.50,38.65,38.40,38.60,3336290,38.55
2013-12-30,38.40,38.50,38.30,38.45,3790249,38.40
2013-12-27,38.35,38.40,38.15,38.40,2367778,38.40
2013-12-26,38.25,38.40,38.15,38.35,943277,38.35
2013-12-25,38.35,38.45,38.15,38.45,1286833,38.40
2013-12-24,38.35,38.45,38.30,38.35,2414992,38.35
2013-12-23,38.10,38.40,38.10,38.30,2288509,38.30
2013-12-20,37.95,38.20,37.75,38.10,2583379,38.10
2013-12-19,38.00,38.00,37.65,37.75,2551888,37.70
2013-12-18,37.80,37.85,37.40,37.65,5072542,37.60
2013-12-17,37.90,38.10,37.65,37.65,4186026,37.65
2013-12-16,38.05,38.10,37.65,37.70,2797753,37.70
2013-12-13,38.30,38.45,37.95,38.30,3402722,38.25
2013-12-12,38.10,38.15,37.90,37.90,2871835,37.90
2013-12-11,38.35,38.55,37.95,38.35,2322159,38.20
2013-12-10,37.95,38.20,37.85,37.85,3031199,37.85
2013-12-09,38.45,38.65,37.95,37.95,3772931,37.95
2013-12-06,38.40,38.40,38.05,38.05,2707327,38.05
2013-12-05,38.40,38.75,38.40,38.40,1734231,38.35
2013-12-04,38.60,38.65,38.40,38.40,3860367,38.40
2013-12-03,39.20,39.50,38.65,38.65,4244747,38.65
2013-12-02,39.30,39.80,39.10,39.50,3781497,39.50
2013-11-29,39.00,39.35,39.00,39.30,4328924,39.25
2013-11-28,38.45,39.35,38.45,39.00,7640633,38.80
2013-11-27,38.10,38.65,38.10,38.30,4117321,38.25
2013-11-26,38.00,38.50,37.80,38.05,5369837,38.05
2013-11-25,38.00,38.35,37.95,38.20,2231452,38.20
2013-11-22,37.90,37.90,37.55,37.60,3382402,37.60
2013-11-21,38.00,38.05,37.55,37.90,2750940,37.90
2013-11-20,38.25,38.30,38.00,38.00,3550359,38.00
2013-11-19,38.20,38.50,37.95,38.25,2632578,38.20
2013-11-18,38.10,38.50,37.95,37.95,3789780,37.95
2013-11-15,37.40,38.40,37.40,38.20,4909174,38.20
2013-11-14,37.30,37.75,37.20,37.35,2190707,37.35
2013-11-13,38.00,38.00,37.30,37.55,2175562,37.50
2013-11-12,38.20,38.40,37.80,37.95,3503831,37.90
2013-11-11,37.80,38.20,37.60,37.75,1463137,37.75
2013-11-08,37.80,37.90,37.60,37.60,3723415,37.60
2013-11-07,37.80,38.20,37.65,38.10,3100050,38.00
2013-11-06,37.85,38.30,37.70,37.75,2404457,37.75
2013-11-05,38.50,38.55,37.85,37.85,3316831,37.85
2013-11-04,39.00,39.20,38.40,38.50,3562056,38.50
2013-11-01,39.80,39.80,39.20,39.20,4725397,39.20
2013-10-31,39.50,39.85,39.05,39.85,7675898,39.75
2013-10-30,39.10,39.50,39.00,39.50,4250807,39.40
2013-10-29,39.00,39.10,38.85,39.00,3633333,38.90
2013-10-28,38.85,39.10,38.55,39.05,3474007,39.00
2013-10-25,39.00,39.15,38.75,38.85,4148043,38.85
2013-10-24,39.15,39.20,38.90,38.90,2828130,38.90
2013-10-23,39.50,39.50,39.15,39.35,3461229,39.30
2013-10-22,39.90,39.90,39.30,39.35,2977809,39.35
2013-10-21,39.80,40.00,39.70,39.90,3867532,39.85
2013-10-18,40.00,40.10,39.50,39.80,5522330,39.75
2013-10-17,40.00,40.30,39.30,39.55,5185765,39.50
2013-10-16,40.00,40.25,39.40,39.50,5262172,39.50
2013-10-15,39.95,40.00,39.65,40.00,8110216,39.95
2013-10-14,39.90,40.00,39.60,39.80,5639295,39.75
2013-10-11,39.60,40.00,39.40,39.90,11088972,39.85
2013-10-09,39.20,39.40,39.05,39.30,5822728,39.25
2013-10-08,39.30,39.30,38.80,39.20,6464323,39.10
2013-10-07,38.75,39.10,38.50,39.10,7385803,39.00
2013-10-04,38.00,38.75,37.95,38.75,6412854,38.70
2013-10-03,37.60,38.00,37.50,38.00,5289571,37.95
2013-10-02,37.10,37.45,37.10,37.40,3669873,37.35
2013-10-01,37.35,37.45,37.05,37.15,2697658,37.10
2013-09-30,37.40,37.80,37.00,37.40,5767625,37.40
2013-09-27,37.60,37.65,37.35,37.45,4553900,37.45
2013-09-26,37.90,37.90,37.30,37.50,3963328,37.45
2013-09-25,37.75,38.00,37.75,37.90,3817219,37.85
2013-09-24,38.10,38.20,37.65,37.90,3585050,37.85
2013-09-23,37.75,38.20,37.75,38.10,4349875,38.05
2013-09-18,37.95,38.05,37.55,37.75,3366889,37.75
2013-09-17,38.10,38.10,37.65,38.00,2694517,38.00
2013-09-16,37.60,38.15,37.60,38.00,3941884,37.95
2013-09-14,37.65,37.80,37.20,37.40,1994093,37.30
2013-09-13,38.50,38.50,37.55,37.65,3342958,37.65
2013-09-12,38.40,38.50,38.20,38.50,7802927,38.40
2013-09-11,38.00,38.30,37.80,38.30,5894026,38.25
2013-09-10,38.00,38.30,37.95,38.30,7891487,38.15
2013-09-09,38.00,38.05,37.65,38.00,4381933,37.85
2013-09-06,38.00,38.10,37.85,38.00,5817328,37.95
2013-09-05,37.90,38.00,37.80,38.00,6085380,37.95
2013-09-04,37.60,37.90,37.30,37.90,3458572,37.65
2013-09-03,37.60,37.65,37.50,37.65,5914521,37.55
2013-09-02,37.40,37.70,37.20,37.70,5396350,37.60
2013-08-30,36.75,37.40,36.75,37.40,8574090,37.30
2013-08-29,35.90,36.60,35.85,36.50,10159905,36.45
2013-08-28,37.50,38.00,37.50,37.80,9588324,37.75
2013-08-27,37.95,38.00,37.80,37.95,6495761,37.90
2013-08-26,37.85,38.00,37.60,38.00,2960783,37.95
2013-08-23,38.00,38.00,37.60,37.85,4127197,37.80
2013-08-22,37.30,38.10,37.00,37.95,7406240,37.85
2013-08-20,38.00,38.00,37.50,37.55,3506923,37.55
2013-08-19,37.95,38.10,37.70,38.05,2733864,38.05
2013-08-16,37.40,38.10,37.40,37.95,4727144,37.95
2013-08-15,37.45,37.85,37.10,37.80,5162742,37.80
2013-08-14,37.75,37.75,37.15,37.45,3106463,37.35
2013-08-13,37.60,37.80,37.35,37.75,4206554,37.70
2013-08-12,36.90,37.55,36.80,37.40,4640968,37.35
2013-08-09,37.25,37.25,36.70,36.70,3873369,36.70
2013-08-08,37.05,37.30,36.70,37.25,3821583,37.10
2013-08-07,36.85,37.35,36.70,37.30,6047229,37.20
2012-12-28,37.40,37.40,37.10,37.35,3212035,37.25
2012-12-27,37.45,37.45,36.95,37.10,2950076,37.05
2012-12-26,37.00,37.20,36.90,37.05,4606617,37.05
2012-12-25,36.65,36.90,36.45,36.80,2128442,36.75
2012-12-24,36.55,36.80,36.50,36.65,2266160,36.60
2012-12-22,36.65,36.65,36.40,36.55,627011,36.50
2012-12-21,37.50,37.50,36.35,36.65,4470416,36.60
2012-12-20,37.70,37.70,37.20,37.30,3139527,37.25
2012-12-19,37.70,37.80,37.55,37.80,3768556,37.70
2012-12-18,37.50,37.60,37.15,37.60,4514205,37.55
2012-12-17,37.65,37.65,37.25,37.35,2377648,37.30
2012-12-14,37.70,37.70,37.35,37.40,3740733,37.35
2012-12-13,37.75,37.75,37.45,37.70,4031529,37.60
2012-12-12,37.75,37.80,37.15,37.55,5557063,37.50
2012-12-11,37.80,37.80,36.85,37.30,5492783,37.30
2012-12-10,38.00,38.00,37.30,37.60,5162341,37.50
2012-12-07,37.45,38.00,37.30,37.75,11664905,37.75
2012-12-06,37.45,37.45,37.05,37.35,4969799,37.35
2012-12-05,37.00,37.60,36.90,37.25,5288582,37.20
2012-12-04,37.45,37.45,36.85,37.10,3269698,37.05
2012-12-03,37.40,37.55,37.20,37.50,4264800,37.30
2012-11-30,37.00,37.50,37.00,37.35,6582557,37.30
2012-11-29,36.35,36.90,36.30,36.85,6653543,36.85
2012-11-28,36.30,36.30,35.95,36.15,5248393,36.05
2012-11-27,36.15,36.30,36.05,36.15,3273358,36.15
2012-11-26,36.30,36.40,36.00,36.15,4336111,36.10
2012-11-23,36.15,36.40,36.00,36.10,3472072,36.10
2012-11-22,36.10,36.20,35.80,35.95,913949,35.85
2012-11-21,36.00,36.30,35.90,36.00,2659026,35.95
2012-11-20,36.00,36.15,35.90,36.00,1250526,36.00
2012-11-19,35.95,36.25,35.95,36.00,1940604,36.00
2012-11-16,36.30,36.45,35.85,36.15,2161334,36.15
2012-11-15,36.00,36.30,35.75,36.25,2507361,36.05
2012-11-14,36.00,36.00,35.85,36.00,2270973,35.95
2012-11-13,36.50,36.50,35.90,36.05,2689102,36.05
2012-11-12,36.30,36.35,36.00,36.35,1809874,36.25
2012-11-09,36.30,36.35,35.85,36.35,2499385,36.35
2012-11-08,36.40,36.50,36.10,36.50,2601703,36.45
2012-11-07,36.50,36.65,36.10,36.65,3136934,36.60
2012-11-06,36.50,36.50,36.00,36.45,3131680,36.45
2012-11-05,36.30,36.55,36.05,36.45,3376779,36.40
2012-11-02,36.40,36.50,35.90,36.50,3129749,36.40
2012-11-01,35.80,36.30,35.35,36.30,4479680,36.25
2012-10-31,36.50,36.50,35.95,36.40,3203014,36.30
2012-10-30,35.80,36.50,35.80,36.40,3050875,36.40
2012-10-29,35.90,36.10,35.80,35.95,2272557,35.90
2012-10-26,36.50,36.50,35.60,35.95,3918182,35.85
2012-10-25,36.30,36.55,35.95,36.55,2414736,36.55
2012-10-24,36.00,36.60,35.85,36.45,2375692,36.45
2012-10-23,36.50,36.65,36.30,36.40,2090555,36.40
2012-10-22,36.45,36.90,36.20,36.80,1684382,36.70
2012-10-19,36.70,36.80,36.40,36.80,2962870,36.80
2012-10-18,36.05,36.40,36.05,36.40,2819835,36.40
2012-10-17,36.75,36.80,36.20,36.40,2894846,36.30
2012-10-16,36.20,36.75,36.20,36.55,2119139,36.50
2012-10-15,36.50,36.50,36.10,36.50,2671815,36.50
2012-10-12,36.70,36.70,36.00,36.10,1778764,36.05
2012-10-11,36.80,37.00,36.20,36.40,4029337,36.35
2012-10-09,37.00,37.40,37.00,37.15,3325628,37.15
2012-10-08,37.30,37.50,36.95,37.10,4356664,37.10
2012-10-05,36.90,37.00,36.70,36.90,1559585,36.85
2012-10-04,36.85,36.90,36.60,36.90,2101291,36.85
2012-10-03,37.00,37.00,36.75,36.85,1168410,36.80
2012-10-02,37.10,37.10,36.75,37.00,1702203,36.95
2012-10-01,36.85,37.25,36.85,37.05,3875422,37.00
2012-09-28,37.05,37.35,36.70,37.05,5500101,37.05
2012-09-27,37.10,37.15,36.70,37.05,4841236,37.00
2012-09-26,37.40,37.40,36.40,37.15,4952960,37.00
2012-09-25,37.55,37.70,37.15,37.45,2732820,37.45
2012-09-24,37.45,37.55,36.90,37.55,2671866,37.50
2012-09-21,36.75,37.45,36.60,37.45,8142515,37.40
2012-09-20,36.75,37.05,36.55,36.60,3782861,36.55
2012-09-19,36.60,36.80,36.35,36.75,4153763,36.70
2012-09-18,37.00,37.00,36.50,36.60,2097050,36.55
2012-09-17,37.20,37.60,37.00,37.15,7837193,37.10
2012-09-14,36.50,37.15,36.35,37.05,8757957,37.00
2012-09-13,36.00,36.05,35.90,36.00,3112193,35.95
2012-09-12,36.00,36.10,35.80,36.00,4694004,35.95
2012-09-11,36.00,36.00,35.40,35.80,2653406,35.80
2012-09-10,35.60,36.50,35.40,35.70,8196747,35.65
2012-09-07,34.75,35.55,34.40,35.40,4995142,35.35
2012-09-06,34.00,34.10,33.75,33.95,3188335,33.95
2012-09-05,34.50,34.50,33.75,34.00,3446727,34.00
2012-09-04,34.40,34.40,34.10,34.30,2251956,34.30
2012-09-03,34.60,34.75,34.20,34.40,2348383,34.40
2012-08-31,34.25,34.80,34.20,34.40,2579569,34.35
2012-08-30,34.50,34.55,34.15,34.25,4488549,34.25
2012-08-29,34.60,34.80,34.50,34.50,1781890,34.50
2012-08-28,34.85,35.05,34.60,34.60,2374539,34.60
2012-08-27,35.05,35.30,34.80,34.85,1839782,34.85
2012-08-24,35.10,35.10,34.95,35.10,1257523,35.10
2012-08-23,35.15,35.30,35.00,35.15,2401447,35.10
2012-08-22,35.20,35.25,34.95,35.15,4295544,35.10
2012-08-21,35.75,35.95,35.05,35.20,15406200,35.15
2012-08-20,38.75,39.00,38.70,39.00,11378802,39.00
2012-08-17,38.75,39.00,38.55,38.75,7921022,38.70
2012-08-16,39.15,39.25,38.70,38.75,6805026,38.75
2012-08-15,39.60,39.70,38.95,39.15,6416048,39.10
2012-08-14,39.85,40.05,39.45,39.60,6938928,39.55
2012-08-13,40.00,40.10,39.85,39.85,6483969,39.80
2012-08-10,39.80,39.90,39.70,39.90,5448550,39.85
2012-08-09,39.50,39.90,39.50,39.80,9667339,39.75
2012-08-08,39.20,39.45,39.05,39.30,8433373,39.30
2012-08-07,38.80,38.90,38.70,38.80,6722070,38.75
2012-08-06,38.50,38.95,38.35,38.50,5540931,38.45
2012-08-03,38.40,38.45,38.05,38.30,6000186,38.20
2012-08-01,38.00,38.10,37.60,38.00,3859528,38.00
2013-08-06,37.50,37.60,36.80,36.85,2960576,36.85
2013-08-05,37.45,37.55,37.25,37.25,1652877,37.25
2013-08-02,37.75,37.95,37.40,37.45,2778853,37.45
2013-08-01,37.65,37.75,37.40,37.40,3078303,37.40
2013-07-31,37.80,37.80,37.35,37.65,3496378,37.45
2013-07-30,37.75,37.85,37.40,37.50,3737673,37.50
2013-07-29,37.60,37.75,37.35,37.45,2740515,37.45
2013-07-26,37.80,37.90,37.35,37.60,2488699,37.55
2013-07-25,37.30,37.85,37.20,37.80,1554550,37.75
2013-07-24,37.65,38.00,37.25,37.55,3843843,37.55
2013-07-23,38.00,38.00,37.80,38.00,3601982,37.95
2013-07-22,37.30,37.95,37.30,37.95,2949881,37.90
2013-07-19,37.55,38.00,37.10,37.10,4777349,37.10
2013-07-18,37.40,37.85,37.35,37.75,4126011,37.75
2013-07-17,37.30,37.75,37.30,37.65,5107912,37.65
2013-07-16,37.20,37.65,37.15,37.35,3668483,37.35
2013-07-15,37.15,37.50,37.10,37.45,4317660,37.40
2013-07-12,37.15,37.45,37.00,37.45,4850000,37.40
2013-07-11,36.50,37.00,36.50,37.00,6126234,36.95
2013-07-10,36.00,36.40,36.00,36.20,3311911,36.10
2013-07-09,35.80,36.20,35.80,36.00,3623595,36.00
2013-07-08,35.70,35.80,35.15,35.80,5153285,35.75
2013-07-05,36.00,36.20,35.50,35.50,5447996,35.50
2013-07-04,35.90,35.95,35.65,35.80,1938676,35.80
2013-07-03,35.90,36.00,35.45,35.50,5014084,35.45
2013-07-02,36.35,36.50,35.80,35.90,5400650,35.90
2013-07-01,36.80,36.80,36.30,36.35,4957411,36.35
2013-06-28,36.15,36.90,35.60,36.90,6656294,36.65
2013-06-27,35.40,35.90,35.40,35.90,4672707,35.80
2013-06-26,35.70,35.80,34.95,35.75,7807877,35.70
2013-06-25,35.00,35.30,34.85,34.95,6012004,34.95
2013-06-24,35.05,35.95,34.95,35.15,4709623,35.15
2013-06-21,35.50,35.50,35.05,35.05,8679602,35.05
2013-06-20,36.10,36.45,35.70,35.80,9306059,35.75
2013-06-19,36.50,36.50,36.20,36.30,5748674,36.30
2013-06-18,36.40,36.55,36.15,36.50,1803701,36.50
2013-06-17,36.70,36.80,36.40,36.40,1054830,36.40
2013-06-14,36.30,36.50,36.10,36.30,2304260,36.30
2013-06-13,36.50,36.60,36.40,36.40,4751253,36.35
2013-06-11,37.45,37.45,36.20,36.70,4425047,36.70
2013-06-10,37.45,37.45,37.15,37.35,1425113,37.30
2013-06-07,36.40,37.30,36.25,37.30,3072724,37.10
2013-06-06,36.60,36.95,35.95,36.60,5459849,36.60
2013-06-05,36.70,37.20,36.55,37.20,2403499,37.10
2013-06-04,37.00,37.05,36.80,37.00,2961901,36.95
2013-06-03,36.90,37.15,36.35,36.95,3284968,36.95
2013-05-31,37.20,37.50,37.05,37.05,3771472,37.05
2013-05-30,37.15,37.55,37.00,37.25,4314003,37.25
2013-05-29,37.45,37.70,37.35,37.70,1833048,37.55
2013-05-28,37.30,37.55,37.20,37.55,1672499,37.45
2013-05-27,37.35,37.45,37.15,37.30,570909,37.30
2013-05-24,37.50,37.50,37.10,37.35,1499148,37.30
2013-05-23,37.70,37.70,37.10,37.50,2734973,37.40
2013-05-22,37.95,37.95,37.60,37.80,1911150,37.70
2013-05-21,37.90,37.90,37.70,37.90,2084032,37.85
2013-05-20,37.90,37.90,37.60,37.75,1804133,37.70
2013-05-17,37.95,38.00,37.70,37.90,2758960,37.85
2013-05-16,37.95,38.00,37.75,37.90,3685095,37.90
2013-05-15,37.75,37.95,37.45,37.95,3623107,37.90
2013-05-14,37.70,37.75,37.35,37.70,2476975,37.60
2013-05-13,37.75,37.75,37.40,37.45,2894122,37.40
2013-05-10,37.65,37.80,37.40,37.50,4589899,37.50
2013-05-09,37.80,37.95,37.60,37.60,4478660,37.60
2013-05-08,37.40,37.70,37.30,37.50,5504258,37.40
2013-05-07,37.75,37.90,37.45,37.50,3998991,37.45
2013-05-06,37.45,37.80,37.35,37.75,3279941,37.65
2013-05-03,37.20,37.50,37.20,37.45,2935098,37.40
2013-05-02,37.40,37.40,37.20,37.20,2271879,37.20
2013-04-30,37.30,37.50,37.25,37.45,4934655,37.40
2013-04-29,37.30,37.40,37.20,37.35,2268113,37.25
2013-04-26,37.45,37.50,37.20,37.20,2744061,37.20
2013-04-25,37.40,37.45,37.10,37.45,3322043,37.30
2013-04-24,37.45,37.45,37.05,37.15,3239874,37.10
2013-04-23,37.30,37.35,37.00,37.10,4317356,37.05
2013-04-22,37.50,38.00,37.00,37.10,8905116,37.05
2013-04-19,36.15,36.60,36.00,36.60,2309143,36.50
2013-04-18,35.85,36.15,35.80,36.00,2553661,36.00
2013-04-17,36.40,36.50,36.05,36.25,3723654,36.25
2013-04-16,36.20,36.55,35.80,36.50,2631304,36.40
2013-04-15,36.40,36.70,36.10,36.70,2660811,36.60
2013-04-12,35.80,36.40,35.80,36.40,1433986,36.30
2013-04-11,35.80,36.45,35.70,36.45,4245476,36.25
2013-04-10,36.00,36.00,35.80,36.00,5277719,35.95
2013-04-09,36.00,36.00,35.80,35.85,4281730,35.85
2013-04-08,36.25,36.55,35.90,35.90,3525351,35.85
2013-04-03,36.60,36.60,36.35,36.50,2169546,36.45
2013-04-02,36.35,36.65,36.00,36.65,4180091,36.55
2013-04-01,36.45,36.55,36.10,36.40,1853865,36.40
2013-03-29,35.80,36.50,35.80,36.45,2384308,36.35
2013-03-28,36.30,36.35,36.00,36.20,2335461,36.20
2013-03-27,35.90,36.30,35.55,36.30,3660626,36.20
2013-03-26,35.90,36.15,35.70,36.05,5058642,36.05
2013-03-25,35.90,35.90,35.60,35.90,3366818,35.85
2013-03-22,35.70,35.90,35.50,35.80,2818889,35.80
2013-03-21,35.70,35.70,35.50,35.50,3457373,35.50
2013-03-20,36.15,36.15,35.50,35.75,4051860,35.75
2013-03-19,36.00,36.15,35.80,36.15,2917663,36.05
2013-03-18,35.90,36.00,35.60,36.00,3627227,36.00
2013-03-15,36.10,36.30,36.00,36.00,5757374,36.00
2013-03-14,36.45,36.50,35.95,36.20,5850341,36.20
2013-03-13,36.70,36.70,36.25,36.55,3990580,36.50
2013-03-12,36.40,36.60,36.30,36.50,3701801,36.35
2013-03-11,36.60,36.75,36.35,36.40,4111999,36.40
2013-03-08,36.80,37.00,36.60,36.80,2229279,36.75
2013-03-07,36.80,36.80,36.55,36.80,2850436,36.80
2013-03-06,36.60,36.80,36.55,36.80,2494650,36.65
2013-03-05,36.90,36.90,36.50,36.60,3214722,36.60
2013-03-04,36.85,36.85,36.50,36.85,3814266,36.80
2013-03-01,37.50,37.50,36.75,36.85,5255814,36.80
2013-02-27,36.70,37.20,36.65,37.00,8167477,36.95
2013-02-26,36.50,37.10,36.50,36.80,6073022,36.80
2013-02-25,36.90,36.90,36.60,36.70,4894454,36.70
2013-02-23,36.60,37.05,36.55,36.90,2114780,36.85
2013-02-22,36.15,36.60,36.10,36.55,6171333,36.55
2013-02-21,36.55,36.60,36.15,36.35,6015003,36.35
2013-02-20,36.75,36.80,36.25,36.30,6451596,36.30
2013-02-19,37.40,37.40,36.55,36.65,4320499,36.65
2013-02-18,37.55,37.55,37.10,37.40,5947978,37.25
2013-02-06,37.20,37.25,37.00,37.20,4447451,37.05
2013-02-05,37.40,37.40,36.95,37.20,5442217,37.05
2013-02-04,37.30,37.50,37.05,37.40,3736683,37.35
2013-02-01,37.55,37.55,37.10,37.30,4136004,37.20
2013-01-31,37.50,37.55,37.10,37.55,5420817,37.30
2013-01-30,37.00,37.15,36.85,37.00,5875591,37.00
2013-01-29,36.80,36.85,36.60,36.75,7497746,36.75
2013-01-28,36.45,36.80,36.35,36.75,4065194,36.60
2013-01-25,36.45,36.55,36.20,36.45,5107055,36.40
2013-01-24,36.10,36.65,36.00,36.45,9069514,36.40
2013-01-23,36.50,36.55,36.35,36.40,6308611,36.40
2013-01-22,36.30,36.55,36.15,36.50,7789486,36.40
2013-01-21,36.55,36.55,36.00,36.30,5319878,36.20
2013-01-18,36.35,36.55,36.10,36.55,18766450,36.50
2013-01-17,36.00,36.80,36.00,36.20,100257590,36.15
2013-01-16,37.10,37.20,36.70,36.90,2713153,36.85
2013-01-15,37.60,37.60,37.10,37.20,2601473,37.15
2013-01-14,37.40,37.60,37.05,37.60,2566793,37.50
2013-01-11,37.80,37.85,37.25,37.60,5346376,37.45
2013-01-10,37.20,37.70,36.90,37.70,5475289,37.60
2013-01-09,36.80,37.30,36.75,36.90,1729969,36.90
2013-01-08,36.95,37.00,36.75,36.85,1535644,36.80
2013-01-07,37.00,37.05,36.65,37.00,2796643,36.90
2013-01-04,37.50,37.55,37.00,37.20,3016732,37.20
2013-01-03,37.50,37.50,37.35,37.50,2193238,37.45
2013-01-02,37.40,37.60,37.35,37.45,2856071,37.40