# The Best Parameter Set
# [alpha] [beta] [ks] [kt] [score]
1 1 2 2 0.668484
# [label] [PRED] [DV 1] [DV -2] [DV -1] [DV 2]
1 -2 0.00012213 0.000638067 0 0
-2 1 0.000999952 0 0 0
1 1 0.00206076 0 0 0
-1 -2 0 0.000737352 5.02582e-06 0
-1 1 0.000209643 0 0 0
-1 -2 0 0.000781979 0.0003412 0
1 1 0.000470913 0 0.000327576 0
1 1 0.000926381 0 0.000415319 0
1 1 0.000899807 0 0.000421438 0
-1 1 0.000844276 0 0.000775719 0
-1 -1 0.000798297 0 0.000973245 0
-1 -1 0.000461425 0 0.000542207 0
-1 1 0.000598622 0 0.000337145 0
-1 1 0.000532595 0 0.000444028 0
-1 1 0.000195228 0 0 0
-1 1 0.00145288 0 0 0
1 -1 0.00133339 0 0.00138145 0
1 1 0.00117038 0 0.00075478 0
1 1 0.0013689 0 0.000743168 0
-1 -1 2.41229e-08 0 1.75847e-07 0
1 -1 1.20818e-11 0 3.38926e-06 0
2 1 0.000282397 0 1.92601e-05 0
1 1 0.000193023 0 0 0
-1 -2 0.000185106 0.000397992 0 0
1 1 0.000278973 0 0 0
1 1 0.000263049 0 0.00023973 0
1 1 2.39484e-06 0 0 0
1 1 7.54101e-06 0 5.66468e-08 0
1 -1 2.50849e-08 0 8.08135e-06 0
-2 1 0.00124641 0 0 0
-1 -1 0 0 0.00183574 0
1 1 0.00304266 0 0.00302475 0
-1 1 0.00353703 0 0 0
1 1 0.00290799 0 0.000838524 0
-1 -1 0.000549855 0 0.00140978 0
1 1 0.00131782 0 0 0
1 1 0.000824597 0 3.15307e-05 0
1 -1 0.00020243 0 0.000611225 0
1 1 0.000598932 0 0.000382787 0
-1 1 0.00181656 0 0.001211 0
1 -1 0.000118782 0 0.000659725 0
1 1 0.000957447 0 0.000524115 0
-1 1 0.00190105 0 0 0
1 -1 0.00222102 0 0.00264756 0
1 1 0.00179313 0 0.00127934 0
-1 1 5.23728e-12 0 0 0
-1 -1 1.88282e-18 0 1.28616e-10 0
-2 -1 1.16722e-06 0 2.84472e-06 0
-1 -1 1.64397e-06 0 2.66785e-06 0
-1 1 0.00207734 0 0.000555367 0
1 -1 0 0 0.00261277 0
1 1 0.00083356 0 0 0
-1 -1 0 0 7.01893e-06 0
1 1 6.06119e-06 0 0 0
-1 1 0.0012916 0 0.000636224 0
1 1 0.00059947 0 9.71891e-05 0
-1 -1 0 0 0.000846263 0
1 -1 0 0 0.00131324 0
1 1 0.000633892 0 0 0
-1 -1 0 0 0.000886318 0
-1 -1 3.04817e-05 0 0.000188951 0
1 1 0.00207668 0 0 0
-1 1 0.00183163 0 0 0
1 1 0.00133791 0 4.97899e-05 0
1 1 0.000144056 0 0 0
-1 1 6.72951e-05 0 0 0
1 1 0.00110982 0 0.000387364 0
1 -1 3.27371e-05 0 0.00045886 0
1 1 0.00103844 0.000765773 0 0
1 1 0.00141794 0 0.000496597 0
1 1 0.000971157 0.000876492 0 0
1 1 0.00105723 0.000387025 0 0
1 1 0.000676703 0 0 0
1 -2 0.00015718 0.00083869 0 0
-2 1 0.00126654 0 0 0
1 -1 6.08297e-05 0 0.000253111 0
-1 1 0.00146426 0 0 0
-1 -1 0 0 0.00141653 0
1 -1 0 0 0.00181998 0
-1 -1 0.000605176 0 0.000732149 0
-1 1 0.00155203 0 0.00133851 0
-1 1 0.00143352 0 0 0
1 1 0.00246873 0 0.00149822 0
1 1 0.0036327 0 0 0
1 1 0.00131145 0 0 0
1 1 0.000953019 0 0.000648026 0
-1 1 0.00118427 0 0.000811742 0
-1 1 0.000426206 0 0 0
1 1 0.00218522 0 0 0
1 -1 0 0 0.00198814 0
-1 1 0.00194729 0 0.000772228 0
1 1 0.00162361 0 0 0
1 1 0.00499566 0 0 0
1 1 0.00340991 0 0 0
-1 1 6.2232e-05 0 0 0
1 -1 2.28177e-08 0 0.0008229 0
1 1 0.00101801 0 0 0
1 1 0.00135431 0 0 0
1 1 0.00196838 0 0 0
1 1 0.0032738 0 0 0
1 1 0.00331657 0 0 0
1 1 0.000226142 0 0 0
-1 -1 0.000713836 0 0.0011274 0
1 1 0.00107341 0 0 0
-1 1 0.000857937 0 0 0
-1 -1 0.00033334 0 0.00129777 0
1 -1 0 0 0.00139669 0
1 1 0.00210547 0 0.000701551 0
1 1 0.00266385 0 0.00174797 0
1 1 0.00254637 0 0.00253912 0
-1 1 0.00415919 0 0 0
-1 1 0.000851379 0 0.000727724 0
-1 1 0.00355754 0 0 0
1 1 0.00122183 0 0.00120292 0
1 1 0.00300929 0 0 0
1 -1 4.85631e-06 0 0.000311585 0
1 1 0.00295615 0 0 0
1 1 0.00334571 0 0 0
1 1 0.0030622 0 0 0
-1 -1 0.000620434 0 0.00141613 0
-1 -1 0.000722764 0 0.00153017 0
1 1 0.0030982 0 0 0
1 1 0.00197423 0 0 0
1 -1 1.33266e-05 0 0.000382436 0
1 -1 0 0 0.000371646 0
1 1 0.00393056 0 0 0
-1 1 0.00160093 0 0 0
1 1 0.00512826 0 0 0
1 1 0.00244457 0 0.000977125 0
1 1 0.00249687 0 0 0
-1 1 0.000155248 0 0.000124629 0
1 1 0.00207692 0 0.000505992 0
1 1 0.00366038 0 0 0
-1 1 0.000600885 0 0.000408975 0
-1 -1 0 0 0.000515233 0
1 1 0.00401002 0 0 0
-1 -1 0 0 0.00192605 0
1 1 0.00156325 0 0.00131807 0
-1 1 0.00488292 0 0 0
1 -1 2.28506e-06 0 0.000521735 0
-1 1 0.000687102 0 2.09383e-06 0
1 1 6.90859e-05 0 0 0
1 1 9.89003e-05 0 2.49285e-07 0
-1 -1 0.000588272 0 0.000702301 0
1 1 0.00152667 0 0 0
-1 1 0.00196443 0 0.000887627 0
1 1 0.00222597 0 0 0
1 -1 0 0 0.0024279 0
1 -1 0 0 0.000630009 0
-1 1 0.000752085 0 0 0
-1 -1 0.00227687 0 0.00292897 0
1 -1 0 0 0.00244768 0
-1 1 0.00177893 0 0.000856699 0
-1 -1 0.00203362 0 0.00329992 0
1 1 0.00369678 0 0 0
1 -1 0 0 0.00186735 0
1 -1 0 0 0.000635169 0
-1 1 0.000507603 0 0 0
-1 1 0.000333551 0 0 0
1 1 5.02256e-05 0 0 0
1 1 0.000691348 0 0 0
1 1 0.00076495 0 0.000423043 0
1 1 0.000721451 0 5.42905e-05 0
1 1 0.000351279 0 1.16602e-05 0
1 -1 9.17511e-05 0 0.000332764 0
1 1 0.00138531 0 0 0
1 1 0.000467223 0 7.1908e-05 0
1 -1 0 0 0.00182771 0
-1 1 0.000857022 0 0 0
-1 1 0.00177173 0 0 0
1 -1 6.41882e-05 0 0.000505763 0
-1 1 0.000153651 0 1.53469e-05 0
-1 -2 0.000105249 0.000392013 0 0
1 -1 0 0 0.000414884 0
-1 -1 6.61415e-06 0 1.40355e-05 0
1 -1 1.72418e-05 0 0.000175762 0
-1 1 0.000110574 0 0 0
1 -2 0 0.000409559 0.000295816 0
1 -1 0 0 0.00288144 0
1 -1 0 0 0.000656838 0
-1 1 0.00183666 0 0 0
-1 -1 0.0001591 0 0.0013138 0
-1 -1 0.000817108 0 0.00116376 0
1 1 0.00121642 0 0.000501712 0
1 -1 0.000639045 0 0.00139705 0
-1 1 0.0017812 0 0 0
1 1 0.00221413 0 0.00215383 0
-1 1 0.00419669 0 0 0
1 1 0.00606855 0 0 0
-2 -2 0.00079664 0.00408149 0 0
1 1 0.0109433 0 0 0
1 1 0.00788449 0 0 0
-1 -1 0.00306486 0 0.00511542 0
-1 -1 0.00164694 0 0.00500626 0
1 1 0.0141719 0 0 0
-1 -1 0.00483879 0 0.00757895 0
-1 -1 0.0025259 0 0.00757895 0
1 1 0.00535923 0.00222452 0 0
-1 -1 0 0 0.0062051 0
-1 -1 0 0 0.00721291 0
-1 -1 0 0 0.00706923 0
2 2 0 0 0 0.0137325
-1 -1 0.00208672 0 0.00624423 0
-2 -2 0 0.00455903 0.00139811 0
1 1 0.0103292 0 0 0
-1 -1 0 0 0.00586255 0
2 2 0 0 0.000812762 0.00313941
-1 -1 0.0015965 0 0.00678742 0
1 1 0.00562262 0.00167528 0 0
-2 -2 0.00075471 0.00445687 0 0
1 1 0.00708011 0 0.00161405 0
-1 -1 0 0.00127574 0.0056268 0
1 1 0.00864118 0 0 0
-1 -1 0 0 0.00682513 0
1 1 0.00523031 0.00214013 0 0
1 1 0.00671575 0 0 0
-2 -2 0.00211632 0.00540022 0 0
2 2 0 0 0.000967212 0.00289995
-1 -1 0 0.00165534 0.00517487 0
-1 -1 0 0 0.00348735 0.0014774
-1 -1 0.000249089 0 0.000878418 0
1 1 0.00193064 0 0 0
-2 -2 0.0001702 0.00189245 0 0
2 2 0.000272035 0 0 0.00229846
1 1 0.00451378 0 0.00128852 0
1 1 0.00466394 0 0.0010304 0
1 1 0.0056581 0 2.13342e-05 0
-1 -1 0 0 0.00761682 0
1 1 0.00513954 0 0.000251744 0
1 1 0.0113012 0 0 0
1 1 0.00824097 0 0.00217093 0
1 1 0.0108809 0 0 0
1 1 0.00800033 0 0 0
1 1 0.00544387 0 0 0
1 1 0.00598092 0 0 0
-1 -1 0 0 0.00742333 0
-2 -2 0.00250733 0.00408149 0 0
2 2 0.000171686 0 0 0.00151811
-1 -1 0 0 0.00374016 0
-1 -1 0 0 0.00513566 0
1 1 0.00303222 0 0.00072681 0
2 2 0.000655661 0 0 0.00369429
1 1 0.00814375 0 0 0
1 1 0.00589224 0 0.00121138 0
1 1 0.00681975 0 0.00213566 0
-1 -1 0.000347465 0 0.000985788 0
1 1 0.00068275 0 0.000241122 0
1 1 0.00177856 0 0 0.000289266
-2 -2 4.51596e-06 0.00189245 0 0
1 1 0.00468107 0 0.00118105 0
1 1 0.00452454 0.00113107 0 0
-1 -1 0.00194542 0 0.0049052 0
-1 -1 0.00226727 0 0.00558354 0
1 1 0.00656072 0 0.00254453 0
1 1 0.0073086 0 0 0
1 1 0.0042397 0 0.001016 0
1 1 0.0104026 0 0 0
1 1 0.00682803 0 0 0
1 1 0.00495702 0 0.00020973 0
-1 -1 0.000505764 0 0.0048073 0
2 2 0.000772743 0 0 0.00332572
1 1 0.00645517 0 0.00240072 0
1 1 0.00581065 0 0 0
1 1 0.00681958 0 0.00309646 0
-1 -1 0 0 0.00568379 0
1 1 0.010752 0 0 0
-1 -1 0.000246614 0 0.00376979 0
-1 -1 0.000769597 0 0.00374398 0
-1 -1 0 0 0.00742333 0
1 1 0.00552715 0.00253 0 0
-1 -1 0.000379233 0 0.00564356 0
-1 -1 0.00206938 0 0.0046809 0
-1 -1 0 0 0.00496672 0
-1 -1 0.00103104 0 0.00376319 0
-1 -1 0.00156248 0 0.00516314 0
-1 -1 0 0 0.00586189 0
1 1 0.00916961 0 0 0
2 2 0 0 0.00110718 0.00248715
1 1 0.0101725 0 0 0
1 1 0.00557882 0 0.00226652 0
-1 -1 0 0 0.00509068 0.00205215
-1 -1 0.0020487 0 0.00548564 0
1 1 0.00444142 0 0.000862729 0
-1 -1 0.00122726 0 0.00329433 0
2 2 8.8511e-05 0 0 0.00259593
-1 -1 0 0 0.00323739 0.00238236
1 1 0.00497485 0 0 0
1 1 0.0055618 0 0 0
-1 -1 0 0 0.00665991 0
-1 -1 0 0 0.00621527 0
-2 -2 0.000723778 0.00263682 0 0
1 1 0.00293552 0 0.000563799 0
2 2 0 0 0.00225092 0.00259593
1 1 0.00520322 0 0 0
-1 -1 0 0 0.00665991 0
-2 -2 0.000238225 0.0033226 0 0
-1 -1 0 0 0.00444663 0
-1 -1 0 0 0.00385008 0
-1 -1 0 0 0.00984285 0
-1 -1 0 0 0.00844764 0
-1 -1 0 0 0.00844764 0
-1 -1 0 0 0.00902044 0
1 1 0.00335157 0 0.000367198 0
1 1 0.00584524 0 0 0
2 2 4.65295e-05 0 0 0.00303633
-2 -2 0 0.00442817 0.000662883 0
-1 -1 0 0 0.00692137 0
-1 -1 0 0 0.00692137 0
-1 -1 0 0 0.00284568 0
1 1 0.00125074 0 3.53642e-07 0
1 1 0.00246875 0 3.08951e-06 0
1 1 0.00280427 0 0.00167925 0
-1 -1 0.00171452 0 0.00324454 0
1 1 0.00271104 0 0 0
-2 -2 2.36892e-06 0.00184747 0 0
1 1 0.00203533 0.000115681 0 0
2 2 0 0 8.71223e-06 0.00183986
1 1 0.00252033 0 0 0.000389001
-1 -1 0.000274864 0 0.00323412 0
1 1 0.00469953 0.00150687 0 0
1 1 0.010269 0 0 0
-1 -1 0 0.00264255 0.00577902 0
1 1 0.0104398 0 0 0
-1 -1 0 0.00368931 0.00866955 0
1 1 0.00404351 0 0.00061558 0
-1 -1 0 0 0.00494831 0
-1 -1 0 0 0.00706923 0
2 2 0 0 0 0.00774576
1 1 0.00598868 0 0.00198473 0
-1 -1 0 0 0.00746002 0
1 1 0.00759876 0 0.00333236 0
-1 -1 0.00356542 0 0.010242 0
-1 -1 0.00409568 0 0.010242 0
1 1 0.00759876 0 0.000877004 0
-1 -1 0 0 0.00682513 0
-1 -1 0 0.00195289 0.00568012 0
1 1 0.0105233 0 0 0
-2 -2 0 0.00445687 0.00324739 0
1 1 0.0065345 0 0.00111182 0
-1 -1 0 0.00159986 0.00577902 0
-1 -1 0 0 0.00543517 0
2 2 1.0027e-07 0 0 0.00303633
-2 -2 0.000288687 0.00302288 0 0
-1 -1 0 0 0.00902044 0
1 1 0.00436679 0 0 0
-1 -1 0 0 0.00391512 0
2 2 0 0 0.000301404 0.00349247
-1 -1 0 0 0.00662308 0
2 2 0.00244998 0 0 0.00397701
1 1 0.00884792 0 0 0
-1 -1 0 0 0.00496672 0
1 1 0.00495702 0 0.0019629 0
1 1 0.00661088 0 0 0
1 1 0.00715757 0 0 0
1 1 0.0068441 0 0 0
1 1 0.00683537 0 0 0
1 1 0.00756986 0 0 0
1 1 0.00688751 0 0 0
1 1 0.00404301 0 0 0
1 1 0.00270262 0 0 0
-2 -2 0 0.00362242 0.00062324 0
-2 -2 0 0.00362242 0.00132125 0
-1 -1 0.00165176 0 0.00549592 0
1 1 0.00943047 0 0 0
1 1 0.00533226 0 0 0
1 1 0.00318198 0 0.00118651 0
1 1 0.00798369 0 0 0
-1 -1 0 0 0.00513566 0
-1 -1 0 0.00124861 0.00353562 0
1 1 0.00816974 0 0 0
1 1 0.00683365 0 0 0
1 1 0.00334001 0 0 0.000848273
2 2 0 0 0 0.00275301
-2 -2 0 0.00282327 0.000983514 0
-1 -1 0.00139219 0 0.00486766 0
1 1 0.00519681 0 0 0
-2 1 0.00425122 0 0 0
-1 -1 0 0 0.00703408 0
-1 -1 0 0 0.00687653 0
-1 -1 0 0 0.00388129 0
1 2 0 0 0 0.00545745
1 1 0.000581764 0 0 0
1 1 0.00158239 0 0 0
1 -1 0 0 0.0018533 0
-1 1 0.00327078 0 0 0
1 -1 0.00235184 0 0.00309206 0
1 1 0.00284078 0.00205794 0 0
1 -1 0 0 0.0101325 0
1 -1 0 0 0.00364006 0
-1 -1 0 0 0.000843467 0
-2 -2 0 0.00169842 0 0
-1 -1 0 0 0.00120624 0
2 -2 0 0.00217888 0.000852695 0
1 1 0.0013841 0 0 0
1 -2 0 0.00227895 0 0
1 -1 0 0 0.000557855 0
-2 -1 0 0 0.000185328 0
1 2 0 0 8.36448e-07 0.00186908
-1 -1 0 0 0.0025791 0
1 -1 0.000660235 0 0.000959831 0
-1 -2 8.6075e-05 0.000155097 0 0
1 -1 8.08861e-07 0 2.73669e-05 0
2 1 0.000243365 0 0 6.56143e-06
2 2 0 8.78233e-05 0 0.000168614
-1 -2 0 0.0015866 1.61968e-06 0
2 1 0.00231986 0 0.000177385 0
1 1 0.00140367 0 0 0
-1 -2 0 0.000984961 4.41073e-05 0
-2 -1 0 0 0.00242 0
2 2 0.000172749 0 0 0.000832251
1 -1 0.000567024 0 0.0010517 0
2 -1 0.000192396 0 0.000908757 0
1 1 0.0016538 0 0.000752991 0
-1 1 0.00148621 0 0 0
1 -1 0.000376947 0 0.00227107 0
-1 1 0.00254625 0 0 0.00130734
1 1 0.0038138 0 0 0
1 1 0.002141 0 0.000762182 0
-1 1 0.00110374 0 0.000612371 0
-1 1 0.00132101 0.00127762 0 0
-2 1 0.0019455 0 0.000984592 0
-1 1 0.00166784 0 0.0011032 0
1 -1 0 0 0.00448568 0
1 -2 0 0.00125481 0.00113542 0
-1 1 0.00546606 0 0 0
1 1 0.00198837 0 0.00124727 0
-1 1 0.0015156 0 0.00138338 0
-1 1 0.00100976 0 0.000922301 0
-1 -1 0.00098771 0 0.00143319 0
1 -1 0 0 0.00144674 0
-1 1 0.00291681 0 0 0
-1 1 0.00129065 0 5.15207e-05 0
1 -1 0 0 0.0012088 0
-1 1 0.00211077 0 0.000384416 0
1 1 0.00188568 0 0.00137849 0
1 1 0.00204633 0 0.000198829 0
-1 1 0.00244526 0 0.00163035 0
-1 1 0.00189313 0 0.00154796 0
1 -1 0 0 0.0025898 0
-1 1 0.00132621 0 0.000789398 0
1 1 0.00198747 0 0.000696979 0
1 2 0 0 0.000229442 0.00189736
1 1 0.000290631 0 0 0
-2 -1 0.000213156 0 0.00055821 0
-1 -2 0 0.000930398 0.000466395 0
2 1 0.00119753 0 0 0
1 2 0 0 0 0.00210735
1 2 0.000164788 0 0 0.000889848
-1 2 0 0 0.000409844 0.000733041
2 1 0.00110765 0 0.000611427 0
-1 -1 0.000158785 0 0.000621791 0
-1 -1 0 0 0.0011429 0
2 1 0.000854213 0.000716138 0 0
-1 2 0 0 0.00112993 0.00136352
-1 1 0.000653614 0 0.00027008 0
1 -1 0.000720799 0 0.00213578 0
1 -1 7.90474e-05 0 0.00206554 0
1 1 0.00445483 0 0 0
1 1 0.00432261 0 0 0
1 -1 0.00138293 0 0.00250402 0
1 1 0.000989407 0 0 0
1 2 0 0.000742962 0 0.000868194
-1 -1 0 0.000944911 0.00108652 0
-1 1 0.00174528 0 3.95276e-05 0
1 -1 0.000124113 0 0.00235575 0
1 1 0.00250525 0 0 0
1 1 0.00297259 0 0.00250201 0
-2 -1 0.000604057 0 0.00191045 0
1 1 0.00215874 0 0 0
-1 -1 0 0 0.00115686 0
1 -1 0 0 0.00186647 0
-1 1 0.0024565 0 0 0
-1 1 0.00184414 0 0 0
1 1 0.000941436 0 2.97498e-05 0
1 -1 7.59477e-05 0 0.000435536 0
-1 -1 0 0.000240872 0.000460049 0
1 2 0.00102929 0 0 0.0010586
2 1 0.00123291 0 0.000621375 0
-1 1 6.1604e-05 0 5.03095e-05 0
1 -1 1.139e-05 0 9.67879e-05 0
-2 -1 0 0 0.00167809 0
1 -1 0.000541101 0 0.001342 0
1 -1 0.000695804 0 0.000803292 0
1 -2 0 0.0018286 0.000615889 0
1 1 0.00243697 0 0 0
2 1 0.000769018 0 0 0.00065478
-2 -1 0.000269216 0 0.00343882 0
-2 2 0.00121511 0 0 0.00193599
1 1 0.00286627 0 0 0
-1 2 0.000356139 0 0 0.00148521
-1 -1 0.000568521 0 0.000911867 0
-1 1 0.00207724 0 0.00102421 0
1 1 0.000641649 0 7.61942e-05 0
1 -2 0 0.00113911 7.1608e-05 0
1 -1 5.08079e-06 0 4.01107e-05 0
-1 -2 0 0.00010225 7.82627e-05 0
-1 -2 0 0.000493447 0.000101886 0
2 -1 0.000163648 0 0.000834808 0
-1 1 0.000687186 0 0.000437653 0
1 -1 0 0 0.000837935 0
-1 1 0.000597202 0 0 0
-1 1 0.000876573 0 0.000857219 0
2 1 0.00209793 0 0 0
2 -1 0 0 0.0028544 0
-1 1 0.00485016 0 0 0
-1 -1 0 0 0.0044301 0
1 1 0.00248981 0 0 0
1 1 0.00299178 0 0 0
-1 1 0.00421799 0 0 0
1 -1 0.00138731 0 0.00439948 0
1 1 0.00291126 0 0.00150867 0
1 1 0.0024188 0 0 0
1 -1 0.000695131 0 0.000721928 0
-1 2 0 0 0.000866584 0.00181167
-1 1 0.00166839 0 0 0
-1 1 0.00180711 0 0.000183713 0
1 -1 0 0 0.00200494 0
-1 1 0.00190393 0 0 0
-1 1 0.000718687 0 0.000302095 0
1 1 0.000799354 0.000376453 0 0
1 2 0 0.00114064 0 0.00120962
2 -1 0 0 0.00104999 0
2 1 0.000631919 0 0.000222383 0
-2 2 0.000437297 0 0 0.00103687
1 1 0.00192059 0 0 0
1 2 0 0 0.000495594 0.00107238
1 1 0.00124855 0 0 0
-2 1 0.00126086 0.00115268 0 0
1 -2 0.00086193 0.00240874 0 0
1 1 0.000163247 0 8.7804e-05 0
-1 -2 0 0.00108613 0 0
1 1 0.000558046 0 0.000551615 0
2 -1 0.000263621 0 0.000489852 0
-1 -1 0 0 0.00176633 0
1 1 0.00156999 0 0 0
1 -1 0.000409089 0 0.000829032 0
2 -1 0 0 0.0012266 0
-1 1 0.00151088 0 0.00105202 0
-2 1 0.00080985 0 0.000177934 0
1 1 0.00252717 0 0 0
1 1 0.00025622 0 0 0
1 1 0.00126939 0 0 0
1 1 0.000338366 0 0 0
-1 -1 0 0 0.00199655 0.00174639
-1 1 0.00168698 0 0.000821327 0
-1 1 0.00200198 0 0 0
1 1 0.00366415 0 0 0
1 1 0.000833612 0 0.000490835 0
-1 1 0.000841782 0 0.000833017 0
-1 1 0.00194988 0 0.000610459 0
1 -1 0.00169338 0 0.00220503 0
1 1 0.00166311 0 0.00102267 0
-1 2 0.0014822 0 0 0.00239524
1 -1 0.000206458 0 0.000241177 0
-2 -1 2.07401e-05 0 0.000499097 0
1 1 0.000680771 0 0 0.000152618
2 1 0.000930974 0 0.000221441 0
1 1 0.000437947 0 0 0
1 2 4.30338e-06 0 0 1.94684e-05
-1 2 0 4.41245e-05 0 0.000135616
2 -1 0 0 8.5563e-06 0
2 1 0.00123814 0 1.16283e-06 0
-1 1 0.000903024 0 0.000522855 0
-1 -1 0 0 0.00081407 0
1 2 0.000862963 0 0 0.00103837
1 1 0.000851641 0 0.000425081 0
-1 -1 0 0 0.00203026 0
-1 -1 0 0 0.000865144 0
-1 -1 0 0 0.000634196 0
-1 -1 0 0 0.000815692 0
-1 -1 0 0 0.00423709 0
-1 -1 0 0 0.00387062 0
-1 -1 0 0 0.000741095 0
-1 -1 0 0 0.00124581 0
1 2 0 0 0.000112324 0.00118096
-1 -1 0.000907984 0 0.00149433 0
-1 -1 0.00121089 0 0.00181228 0
-1 2 0 0 0.00157847 0.00186869
1 -1 0 0 0.00240104 0
-1 1 0.00208971 0.00167895 0 0
1 1 0.00222399 0 0 0
1 1 0.00140541 0 0.000753051 0
1 1 0.00294596 0 0 0
-1 -1 0.000609004 0 0.000665994 0
1 1 0.0028821 0 0 0
-1 -1 0 0 0.000734008 0
1 1 0.000308738 0 9.37681e-05 0
-1 1 0.00209921 0 0 0
-1 1 0.00213231 0 0 0
-1 1 0.00470633 0 0 0
1 1 0.000999411 0 0.000996263 0
1 -1 0.00204793 0 0.00248744 0
-1 1 0.00288222 0 0 0
2 1 0.00108851 0 0 0
-1 -1 0 0 0.000490817 0
-1 -1 0.00020481 0 0.000404387 0
-2 -1 0 0 0.00101666 0
-1 1 0.00151075 0 0.000975421 0
1 1 0.00288412 0.00216448 0 0
1 -1 0.00334664 0 0.00353738 0
1 1 0.00601698 0 0 0
1 1 0.000501271 0 0 0
1 -1 0.000936884 0 0.00173477 0
1 1 0.00187312 0 0 0
1 1 0.00140472 0.00137001 0 0
1 -1 0.000495439 0 0.000932835 0
1 1 0.00177151 0 0.00133497 0
1 1 0.00535269 0 0 0
1 1 0.00210749 0 0 0
-1 1 0.00128016 0 0 0
1 2 4.22217e-06 0 0 0.000479255
1 -2 0.000351398 0.00104785 0 0
1 2 0.000114142 0 0 0.000625522
-2 -1 0 0 0.00135369 0
1 1 8.62601e-06 0 0 0
2 2 0.000277379 0 0 0.00056418
2 2 0 0 0 0.00128787
2 2 0 0 0 0.0010282
-2 -2 8.98706e-06 0.000402044 0 0
-1 1 0.000625949 0 0 9.45088e-05
-2 1 0.00355946 0 0 0
-1 1 0.00141194 0 0 0
1 -1 0.00158424 0 0.00195272 0
-1 1 0.00175532 0 0 0
1 2 0 0.00114411 0 0.00163819
1 -2 0 0.00196089 0.000736377 0
-1 1 0.000904404 0 0.000752823 0
-1 -1 0.000428144 0 0.00102922 0
1 1 0.00172838 0 0 0
1 2 3.22665e-08 0 0 0.00149324
-1 -2 0 0.00301174 0 0.00150404
-1 -2 0.00124552 0.00138593 0 0
-1 -2 0 0.00162476 0.000718566 0
-2 1 0.0013049 0 0 0
1 1 0.00290233 0 0 0
-2 1 0.00152293 0 0.00088942 0
1 1 0.00262434 0 0.000816977 0
1 1 0.00597231 0 0 0
1 1 0.0010916 0 0.00104666 0
-1 1 0.0016948 0 0.000142111 0
-1 1 0.000694499 0 0.00048841 0
1 1 0.00350126 0 0.000397763 0
1 -2 0.00087557 0.00130565 0 0
-1 1 0.00311762 0 0 0
-1 1 0.00251725 0 0 0
1 -1 0.00147863 0 0.00170416 0
1 -1 0.0019776 0 0.00331527 0
1 -1 0 0 0.0004331 0
-1 -2 0.00056094 0.00133656 0 0
1 1 0.0024089 0 0 0
1 1 0.000821384 0 0.000724209 0
1 -2 0 0.00197561 0 0
-1 1 0.00117024 0 0.000735254 0
1 2 0.00199438 0 0 0.002264
-1 1 0.00356174 0 0 0
-1 1 0.00662835 0 0 0
1 -1 0.00265271 0 0.00361371 0
-1 1 0.00628277 0 0 0
-1 -1 0.00150796 0 0.00160268 0
-1 -2 0.000734376 0.00192526 0 0
1 1 0.000377831 0 9.41826e-05 0
-1 -1 0.000335787 0 0.00036297 0
2 1 0.00338771 0 0 0
1 1 0.0046008 0 0.00133421 0
-1 1 0.00186059 0 0 0
-1 1 0.00383211 0 0 0
1 -1 0.00232936 0 0.00464437 0
1 1 0.0080591 0 0 0
1 1 0.00720475 0 0 0
1 1 0.00461089 0 0 0
1 1 0.00199256 0 0.00182838 0
1 1 0.00279346 0 0 0
-2 1 0.00226856 0 0.00100199 0
1 -2 0.000493702 0.00220967 0 0
1 1 0.00109871 0 0.000822132 0
1 -1 0.000843214 0 0.00259863 0
1 2 0 0 0.0010062 0.00201038
-1 1 0.00714365 0 0 0
1 -1 0.00239579 0 0.00246181 0
1 1 0.00165217 0 0 0.00123886
1 -1 0.00185864 0 0.00212988 0
-1 -1 0 0 0.00303151 0.00206735
1 1 0.00184124 0 0.00143039 0
-1 1 0.00175245 0 0.00112435 0
1 1 0.00124457 0 0.00044607 0
-1 -1 0 0 0.000863658 0
-2 1 0.00199952 0 0 0
-2 1 0.00069579 0 0.000663021 0
1 2 0 0 0.000757116 0.00229066
-1 1 0.00315062 0 0 0.00242183
-1 1 0.00368194 0 0 0
1 2 0 0 0.00270031 0.00289121
-1 1 0.001866 0 0.000931666 0
1 -2 0 0.00177619 0.00125603 0
1 -1 0.00151485 0 0.00163984 0
-1 1 0.00453668 0 0 0
2 1 1.9467e-05 0 0 0
1 1 0.00293406 0 0 0
-1 1 0.00100663 0 0.000618836 0
-1 -2 0 0.000380791 0.000217129 0
1 1 0.00040148 0 0.000173854 0
2 -1 0 0 0.000437158 0
-2 1 0.000192057 0 2.59263e-06 0
-1 -1 0 0 0.00113781 0
1 1 0.000886232 0 0.000268685 0
-1 -1 0 0 0.00232612 0
-1 1 0.00224634 0 0.00130093 0
-1 1 0.00232936 0 0.00185849 0
1 1 0.00358526 0 0 0
1 1 0.00475139 0 0 0
1 1 0.00366691 0 0 0
1 1 0.00173137 0 0 0
1 -1 0.00101954 0 0.00279083 0
1 -1 0.00216131 0 0.0027248 0
1 1 0.00285885 0 0.0028356 0
1 -1 0.00262852 0 0.00298163 0
-1 -2 0.000675886 0.00110459 0 0
1 1 0.000897297 0 0 0
1 1 0.000979676 0 0.000133593 0
2 -2 0.000677972 0.00127245 0 0
-2 -1 0.00125704 0 0.00212069 0
-1 1 0.000981153 0 0 0
-1 1 0.000908189 0 0 0
-1 -1 0 0 0.00273334 0
1 -1 0 0 0.00225784 0
2 1 0.00153864 0 0.00108291 0
1 -2 0 0.0018975 0.000620005 0
-1 -1 0 0 0.00187526 0
-1 1 0.00316978 0 0 0
1 1 0.00606855 0 0 0
-2 -2 0.00149274 0.00408149 0 0
1 1 0.0122179 0 0 0
1 1 0.00976624 0 0 0
-1 -1 0.00279504 0 0.00516583 0
-1 -1 0.00164694 0 0.00500626 0
1 1 0.010635 0 0 0
-1 -1 0.0047351 0 0.00757895 0
-1 -1 0.00269005 0 0.00757895 0
1 1 0.005081 0.00234856 0 0
-1 -1 0 0 0.00564348 0
-1 -1 0 0 0.00721291 0
-1 -1 0 0 0.00706923 0
2 2 0 0 0 0.00714693
-1 -1 0.00208672 0 0.00624423 0
-2 -2 0 0.00419094 0.00139811 0
1 1 0.0103292 0 0 0
-1 -1 0 0 0.00586255 0
2 2 0 0 0.000812762 0.00303723
-1 -1 0.0015965 0 0.00680109 0
1 1 0.00562262 0.00179845 0 0
-2 -2 0.00075471 0.00455903 0 0
1 1 0.00708011 0 0.00161405 0
-1 -1 0 0.00167829 0.0056268 0
1 1 0.0070468 0 0 0
-1 -1 0 0 0.00682513 0
1 1 0.00546971 0.00214013 0 0
1 1 0.00671575 0 0 0
-2 -2 0.00211632 0.00442817 0 0
2 2 0 0 0.000967212 0.00289995
-1 -1 0 0.00124988 0.00517487 0
-1 -1 0 0 0.00348735 0.0014774
-1 -1 0.000249089 0 0.000878418 0
1 1 0.00149439 0 0 0
-2 -2 0.0001702 0.00143808 0 0
2 2 0 0 0.000495868 0.00229846
1 1 0.00451378 0 0.00128852 0
1 1 0.00466394 0 0.0010304 0
1 1 0.0056581 0 0.000808551 0
-1 -1 0 0 0.00761682 0
1 1 0.00550786 0 0 0
1 1 0.00953236 0 0 0
1 1 0.00790897 0 0.00217093 0
1 1 0.0100636 0 0 0
1 1 0.010256 0 0 0
1 1 0.00590759 0 0 0
1 1 0.00948701 0 0 0
-1 -1 0 0 0.00742333 0
-2 -2 0.0026493 0.00408149 0 0
2 2 0 0 0.000142415 0.00183986
-1 -1 0 0 0.00374016 0
-1 -1 0 0 0.00513566 0
1 1 0.00303222 0 0.00072681 0
2 2 0.000655661 0 0 0.00332572
1 1 0.00814375 0 0 0
1 1 0.00574697 0 0.000840154 0
1 1 0.0082085 0 0 0
-1 -1 0.000347465 0 0.000985788 0
1 1 0.00068275 0 0.00023783 0
1 1 0.00179718 0 0 0.000289266
-2 -2 4.51596e-06 0.00189245 0 0
1 1 0.00468107 0 0.00118105 0
1 1 0.00427442 0.00113107 0 0
-1 -1 0.00194542 0 0.0049052 0
-1 -1 0.00226727 0 0.00558354 0
1 1 0.00656072 0 0.00232629 0
1 1 0.0073086 0 0 0
1 1 0.0042397 0 0.001016 0
1 1 0.00692369 0 0 0
1 1 0.0103912 0 0 0
1 1 0.00495702 0 0.00020973 0
-1 -1 0.000505764 0 0.00423864 0
2 2 0.000893993 0 0 0.0032906
1 1 0.00824097 0 0.00274577 0
1 1 0.00733772 0 0 0
1 1 0.00681958 0 0.00309646 0
-1 -1 0 0 0.00526138 0
1 1 0.0144481 0 0 0
-1 -1 0.000246614 0 0.00376979 0
-1 -1 0.00086115 0 0.00374398 0
-1 -1 0 0 0.00742333 0
1 1 0.00552715 0.00253 0 0
-1 -1 0.000379233 0 0.00564356 0
-1 -1 0.00206938 0 0.0046809 0
-1 -1 0 0 0.00496672 0
-1 -1 0.000676275 0 0.00376319 0
-1 -1 0.00156248 0 0.00516314 0
-1 -1 0 0 0.00586189 0
1 1 0.00916961 0 0 0
2 2 0 0 0.00110718 0.00369429
1 1 0.00878499 0 0 0
1 1 0.00571032 0 0.00229613 0
-1 -1 0 0 0.00442837 0.00205215
-1 -1 0.0020487 0 0.00548564 0
1 1 0.00444142 0 0.000862729 0
-1 -1 0.00122726 0 0.00329433 0
2 2 8.8511e-05 0 0 0.00259593
-1 -1 0 0 0.00458932 0.00238236
1 1 0.00537517 0 0 0
1 1 0.00765342 0 0 0
-1 -1 0 0 0.00665991 0
-1 -1 0 0 0.00621527 0
-2 -2 0.000450788 0.00263682 0 0
1 1 0.00318198 0 0.000943223 0
2 2 0 0 0.0023982 0.00259593
1 1 0.00520322 0 0 0
-1 -1 0 0 0.00665991 0
-2 -2 0.00150528 0.0033226 0 0
-1 -1 0 0 0.00444663 0
-1 -1 0 0 0.00385008 0
-1 -1 0 0 0.00984285 0
-1 -1 0 0 0.00844764 0
-1 -1 0 0 0.00844764 0
-1 -1 0 0 0.00902044 0
1 1 0.00321892 0 0.000367198 0
1 1 0.0045831 0 0 0
2 2 0.000250199 0 0 0.00303633
-2 -2 0 0.00280236 0.000662883 0
-1 -1 0 0 0.00692137 0
-1 -1 0 0 0.00692137 0
-1 -1 0 0 0.00284568 0
1 1 0.00101534 0 3.53642e-07 0
1 1 0.0024089 0 3.08951e-06 0
1 1 0.00280427 0 0.00167925 0
-1 -1 0.00171452 0 0.00324454 0
1 1 0.00271104 0 0 0
-2 -2 2.66481e-06 0.00184747 0 0
1 1 0.00243142 0.000115681 0 0
2 2 0 0 8.71223e-06 0.0017395
1 1 0.00271276 0 0 0.000389001
-1 -1 0.000274864 0 0.00343214 0
1 1 0.00502692 0.00150687 0 0
1 1 0.00807025 0 0 0
-1 -1 0 0.00264255 0.00577902 0
1 1 0.0105395 0 0 0
-1 -1 0 0.00368931 0.00866955 0
1 1 0.00451838 0 0.000794513 0
-1 -1 0 0 0.00494831 0
-1 -1 0 0 0.00706923 0
2 2 0 0 0 0.0135577
1 1 0.00600463 0 0.00198473 0
-1 -1 0 0 0.00746002 0
1 1 0.00759876 0 0.00333236 0
-1 -1 0.00356542 0 0.010242 0
-1 -1 0.00391877 0 0.010242 0
1 1 0.00759876 0 0.000877004 0
-1 -1 0 0 0.00682513 0
-1 -1 0 0.00184682 0.00567484 0
1 1 0.0103844 0 0 0
-2 -2 0 0.00540022 0.00324739 0
1 1 0.00731599 0 0.00111182 0
-1 -1 0 0.00159986 0.00577902 0
-1 -1 0 0 0.00543517 0
2 2 1.38944e-07 0 0 0.00303633
-2 -2 3.64402e-05 0.00302288 0 0
-1 -1 0 0 0.00902044 0
1 1 0.00433001 0 0 0
-1 -1 0 0 0.00424952 0
2 2 0 0 0.000301404 0.00315136
-1 -1 0 0 0.00662308 0
2 2 0.00244998 0 0 0.0047506
1 1 0.00884792 0 0 0
-1 -1 0 0 0.00496672 0
1 1 0.00495702 0 0.0019629 0
1 1 0.00661088 0 0 0
1 1 0.00715757 0 0 0
1 1 0.0068441 0 0 0
1 1 0.00781137 0 0 0
1 1 0.00750752 0 0 0
1 1 0.00688751 0 0 0
1 1 0.00404301 0 0 0
1 1 0.00347515 0 0 0
-2 -2 0 0.00362242 0.00062324 0
-2 -2 0 0.00362242 0.00132125 0
-1 -1 0.00165176 0 0.00549592 0
1 1 0.00943047 0 0 0
1 1 0.00533226 0 0 0
1 1 0.00295925 0 0.000813755 0
1 1 0.0067437 0 0 0
-1 -1 0 0 0.00513566 0
-1 -1 0 0.00124861 0.0034952 0
1 1 0.00801366 0 0 0
1 1 0.00691467 0 0 0
1 1 0.00334001 0 0 0.0010473
2 2 0 0 0 0.00275301
-2 -2 0 0.00282327 0.00100097 0
-1 -1 0.00133371 0 0.00486766 0
1 1 0.00628131 0 0 0
