# The Best Parameter Set
# [alpha] [beta] [ks] [kt] [score]
1 1 4 2 0.582677
# [label] [PRED] [DV 1] [DV -2] [DV -1] [DV 2]
1 1 0.00257088 0.000462008 0 0
-2 -2 2.02057e-05 0.00144851 0 0
1 1 0.00504022 0 0 0
-1 -1 0 0.00042601 0.00364232 0
-1 -1 1.69773e-07 0 0.00296473 0
-1 -1 0 0.000581475 0.00306096 0
1 1 0.00271364 0 1.17319e-06 0
1 1 0.00346146 0 0 0
1 1 0.00304162 0 0.000161267 0
-1 -1 0 0 0.00269701 0
-1 -1 0 0 0.00380426 0
-1 -1 0 0 0.00299325 0
-1 -1 0 0 0.00266031 0
-1 -1 1.56347e-05 0 0.00252265 0
-1 -1 2.15972e-05 0 0.00229708 0
-1 -1 0.000755544 0 0.00307406 0
1 1 0.0035216 0 0 0
1 1 0.00429669 0 0 0
1 1 0.00469997 0 0 0
-1 -1 4.82966e-23 0 0.00120808 0
1 1 0.00115574 0 0 0
2 2 0 0 2.89544e-12 0.000592865
1 1 0.00294006 0 0 0
-1 -1 5.93e-08 0 0.00263997 0
1 1 0.00275787 0 0 0
1 1 0.00275786 0 1.29694e-06 0
1 1 0.000858816 0 0 0
1 1 0.000803645 0 0 0
1 1 0.000967537 0 2.97926e-12 0
-2 -2 0.000235119 0.000599264 0 0
-1 -1 0 0 0.00789347 0
1 1 0.00771418 0 0 0
-1 -1 0.000633905 0 0.00788147 0
1 1 0.0080421 0 0 0
-1 -1 0 0 0.00470664 0
1 1 0.00496356 0 0 0
1 1 0.00424697 0 8.8126e-12 0
1 1 0.00437618 0 1.23499e-06 0
1 1 0.00570515 0 0 0
-1 -1 0.000200215 0 0.0051235 0
1 1 0.00567108 0 0.000158315 0
1 1 0.00500182 0 1.47507e-07 0
-1 -1 0.000306957 0 0.00367905 0
1 1 0.00596775 0 0.00152952 0
1 1 0.00435848 0 0 0
-1 -1 3.58177e-124 0 0.00120909 0
-1 -1 0 0 0.00120292 0
-2 -1 0 0.000554644 0.0010464 0
-1 -1 0.000337204 0 0.00302179 0
-1 -1 0.000865301 0 0.00592623 0
1 1 0.00410004 0 0.000353741 0
1 1 0.00206084 0 0 0
-1 -1 0 0.000534211 0.00288115 0
1 1 0.00278785 0 0.00025262 0
-1 -1 0.000129359 0 0.00592454 0
1 1 0.00304848 0 0 0
-1 -1 0 0 0.00593118 0
1 1 0.00454671 0 5.02891e-06 0
1 1 0.00177559 0 0 0
-1 -1 0 0 0.00592985 0
-1 -1 0 0 0.0060386 0
1 1 0.00497061 0 0 0
-1 -1 0.000154556 0 0.00412964 0
1 1 0.00518282 0 0 0
1 1 0.0035793 0 0 0
-1 -1 5.41874e-11 0 0.00558166 0
1 1 0.00421469 0 0 0
1 1 0.00419273 0 4.25863e-06 0
1 1 0.00324015 0 0 0
1 1 0.00505246 0 0 0
1 1 0.0047506 0.000661522 0 0
1 1 0.00246295 0 0 0
1 1 0.00274093 0 0 0
1 1 0.00284463 0.000712277 0 0
-2 -2 0.000243233 0.000614986 0 0
1 1 0.00330629 0 2.77604e-07 0
-1 -1 2.5559e-05 0 0.00470784 0
-1 -1 0 0 0.0066215 0
1 1 0.00577664 0 1.63664e-05 0
-1 -1 0 0 0.00660891 0
-1 -1 0 0 0.00867153 0
-1 -1 4.56831e-06 0 0.00781248 0
1 1 0.0111956 0 0 0
1 1 0.0106995 0 0 0
1 1 0.00590468 0 0 0
1 1 0.00598366 0 2.31991e-06 0
-1 -1 0 0 0.00679272 0
-1 -1 2.02154e-07 0 0.00392502 0
1 1 0.00691802 0 0 0
1 1 0.00573688 0 0.000389511 0
-1 -1 0.000306125 0 0.0085815 0
1 1 0.00751416 0 0 0
1 1 0.0117757 0 0 0
1 1 0.0110435 0 0 0
-1 -1 2.70839e-11 0 0.0040719 0
1 1 0.00460401 0 2.98633e-05 0
1 1 0.00502049 0 0 0
1 1 0.00607803 0 0 0
1 1 0.0068221 0 0 0
1 1 0.00775956 0 0 0
1 1 0.00770253 0 0 0
1 1 0.00353309 0 0 0
-1 -1 0 0 0.00485129 0
1 1 0.00440205 0 0 0
-1 -1 7.3802e-08 0 0.00277263 0
-1 -1 0 0 0.00500708 0
1 1 0.00366714 0 5.40776e-06 0
1 1 0.00575672 0 0 0
1 1 0.00823625 0 0 0
1 1 0.00507514 0 0.00207466 0
-1 -1 0.00173549 0 0.00444237 0
-1 -1 0 0 0.00477865 0
-1 -1 0.00043144 0 0.00554717 0
1 1 0.00620233 0 0.000602772 0
1 1 0.00685653 0 0 0
1 1 0.00285911 0 0 0
1 1 0.00586438 0 0 0
1 1 0.0082363 0 0 0
1 1 0.00818737 0 0 0
-1 -1 0 0 0.00433942 0
-1 -1 0 0 0.00470904 0
1 1 0.00597375 0 0 0
1 1 0.0049723 0 0 0
1 1 0.00370168 0 0 0
1 1 0.00370168 0 1.8853e-07 0
1 1 0.00766205 0 0 0
-1 -1 6.99092e-05 0 0.00719757 0
1 1 0.0126484 0 0 0
1 1 0.00718711 0 0 0
1 1 0.00741639 0 0 0
-1 -1 0 0 0.00607434 0
1 1 0.0079738 0 0 0
1 1 0.00943199 0 0 0
-1 -1 0 0 0.00600924 0
-1 -1 0 0 0.00437451 0
1 1 0.00874815 0 0 0
-1 -1 0 0 0.00910098 0
1 1 0.00737779 0 5.64401e-05 0
-1 -1 0.000463178 0 0.00947253 0
1 1 0.00530293 0 0 0
-1 -1 0.000212831 0 0.00193624 0
1 1 0.00263124 0 0 0
1 1 0.00227341 0 0 0
-1 -1 0 0 0.00702565 0
1 1 0.00694262 0 0 0
-1 -1 0.00021021 0 0.00851141 0
1 1 0.00732947 0 0 0
1 1 0.00697212 0 3.67596e-05 0
1 1 0.00155289 0 4.67692e-05 0
-1 -1 2.70058e-05 0 0.00340963 0
-1 -1 0 0 0.00897406 0
1 1 0.00725422 0 0.000327523 0
-1 -1 0.00116187 0 0.00835538 0
-1 -1 0 0 0.0100344 0
1 1 0.0050093 0 0 0
1 1 0.00725422 0 2.91015e-05 0
1 1 0.0032576 0 9.94871e-16 0
-1 -1 1.09219e-05 0 0.00193624 0
-1 -1 4.65952e-08 0 0.0020444 0
1 1 0.00225201 0 0 0
1 1 0.00363456 0 0 0
1 1 0.00374305 0 0 0
1 1 0.0036916 0 7.66829e-11 0
1 1 0.00452397 0 0 0
1 1 0.00440323 0 1.0794e-07 0
1 1 0.00428573 0 0 0
1 1 0.00293249 0 0 0
1 1 0.00391369 0 0.000256499 0
-1 -1 5.36676e-07 0 0.0038443 0
-1 -1 0.000548877 0 0.00408095 0
1 1 0.00228308 0 4.05709e-05 0
-1 -1 3.19802e-08 0 0.00227428 0
-1 -1 0.00030402 0 0.00227965 0
1 1 0.00223016 0 1.33113e-06 0
-1 -1 0 0 0.000906202 0
1 1 0.00150234 0 0 0
-1 -1 1.5623e-12 0 0.00183201 0
1 1 0.00241529 0 0.000359795 0
1 1 0.00733161 0 0.000253812 0
1 1 0.00557068 0 3.65239e-07 0
-1 -1 3.37475e-06 0 0.0056133 0
-1 -1 0 0 0.00379632 0
-1 -1 0 0 0.00810924 0
1 1 0.00372193 0 0 0
1 1 0.00364691 0 0.000201187 0
-1 -1 5.33162e-05 0 0.00407235 0
1 1 0.00567612 0 0 0
-1 -1 0.0016653 0 0.00411429 0
1 1 0.00257088 0.000237575 0 0
-2 -2 2.02057e-05 0.000768394 0 0
1 1 0.00516434 0 0 0
-1 -1 0 0.00042601 0.00364232 0
-1 -1 8.27121e-08 0 0.00294743 0
-1 -1 0 0.000537951 0.00297085 0
1 1 0.00304162 0 2.57492e-05 0
1 1 0.00346146 0 0 0
1 1 0.002462 0 2.77637e-05 0
-1 -1 0 0 0.00269701 0
-1 -1 0 0 0.00380426 0
-1 -1 0 0 0.00299325 0
-1 -1 0 0 0.00266031 0
-1 -1 1.56347e-05 0 0.00252265 0
-1 -1 2.15972e-05 0 0.00229708 0
-1 -1 0.000755544 0 0.00307406 0
1 1 0.0065277 0 0 0
1 1 0.00429669 0 0 0
1 1 0.00333044 0 0 0
-1 -1 4.7224e-19 0 0.00120808 0
1 1 0.00115574 0 0 0
2 2 0 0 2.723e-12 0.000592865
1 1 0.00305317 0 0 0
-1 -1 6.43646e-08 0 0.00263997 0
1 1 0.00275786 0 0 0
1 1 0.00275786 0 1.73646e-07 0
1 1 0.000858816 0 0 0
1 1 0.000803645 0 0 0
1 1 0.000967537 0 2.97926e-12 0
-2 -2 0.000224727 0.000599264 0 0
-1 -1 0 0 0.00789347 0
1 1 0.00976092 0 0 0
-1 -1 0.000633905 0 0.00788147 0
1 1 0.00690227 0 0 0
-1 -1 0 0 0.00470664 0
1 1 0.00496356 0 0 0
1 1 0.00424697 0 8.8126e-12 0
1 1 0.00439302 0 1.23499e-06 0
1 1 0.00573333 0 0 0
-1 -1 8.45471e-05 0 0.00456605 0
1 1 0.00509823 0 2.36289e-06 0
1 1 0.00509823 0 6.23065e-06 0
-1 -1 0.000420477 0 0.00386611 0
1 1 0.00442267 0 0.00101828 0
1 1 0.00647433 0 0 0
-1 -1 3.58177e-124 0 0.00121117 0
-1 -1 0 0 0.00120292 0
-2 -2 0 0.00141039 0.0010464 0
-1 -1 0.000302342 0 0.00283952 0
-1 -1 0.00106384 0 0.00592623 0
1 1 0.00410004 0 0.000353741 0
1 1 0.0022836 0 0 0
-1 -1 0 0.00110645 0.00288115 0
1 1 0.00287975 0 0.000317358 0
-1 -1 0.000129359 0 0.00592454 0
1 1 0.00279155 0 0 0
-1 -1 0 0 0.00593118 0
1 1 0.00454671 0 3.91228e-06 0
1 1 0.00177973 0 0 0
-1 -1 0 0 0.00592985 0
-1 -1 0 0 0.0060386 0
1 1 0.00497061 0 0 0
-1 -1 0.000154556 0 0.0041111 0
1 1 0.00518282 0 0 0
1 1 0.00450731 0 0 0
-1 -1 4.00445e-11 0 0.00558166 0
1 1 0.0044222 0 0 0
1 1 0.00419273 0 4.25863e-06 0
1 1 0.00304377 0 0 0
1 1 0.00472995 0 0 0
1 1 0.00462858 0.000850731 0 0
1 1 0.00256336 0 0 0
1 1 0.00273838 0 0 0
1 1 0.00284463 0.000712277 0 0
-2 -2 0.000164177 0.000614986 0 0
1 1 0.00337148 0 6.35769e-08 0
-1 -1 2.5559e-05 0 0.00457242 0
-1 -1 0 0 0.0066215 0
1 1 0.00577664 0 1.63664e-05 0
-1 -1 0 0 0.00672298 0
-1 -1 0 0 0.00867153 0
-1 -1 4.56831e-06 0 0.00781248 0
1 1 0.0111956 0 0 0
1 1 0.0106995 0 0 0
1 1 0.00590468 0 0 0
1 1 0.00598366 0 3.03873e-06 0
-1 -1 0 0 0.00679272 0
-1 -1 2.02154e-07 0 0.00392502 0
1 1 0.00607693 0 0 0
1 1 0.00544052 0 0.000530698 0
-1 -1 0.000338326 0 0.0085815 0
1 1 0.0077274 0 0 0
1 1 0.0117757 0 0 0
1 1 0.0110435 0 0 0
-1 -1 4.81008e-10 0 0.0040719 0
1 1 0.00444213 0 2.98633e-05 0
1 1 0.00502049 0 0 0
1 1 0.00634875 0 0 0
1 1 0.00687778 0 0 0
1 1 0.00775956 0 0 0
1 1 0.00692283 0 0 0
1 1 0.00412872 0 0 0
-1 -1 0 0 0.0039259 0
1 1 0.00525844 0 0 0
-1 -1 7.3802e-08 0 0.00277263 0
-1 -1 0 0 0.00505717 0
1 1 0.0042873 0 0.000136695 0
1 1 0.00766846 0 0 0
1 1 0.00631384 0 0 0
1 1 0.00544309 0 0.00207466 0
-1 -1 0.00187876 0 0.00426156 0
-1 -1 0 0 0.00487032 0
-1 -1 0.00043144 0 0.00449871 0
1 1 0.00620233 0 1.92686e-05 0
1 1 0.00566139 0 0 0
1 1 0.00284024 0 0 0
1 1 0.00671674 0 0 0
1 1 0.0082363 0 0 0
1 1 0.00511965 0 0 0
-1 -1 0 0 0.00433942 0
-1 -1 0 0 0.00470904 0
1 1 0.00688138 0 0 0
1 1 0.0049723 0 0 0
1 1 0.00370168 0 0 0
1 1 0.00370168 0 1.8853e-07 0
1 1 0.00815297 0 0 0
-1 -1 6.99092e-05 0 0.00719757 0
1 1 0.00785003 0 0 0
1 1 0.00756992 0 0 0
1 1 0.00741639 0 0 0
-1 -1 0 0 0.00607434 0
1 1 0.0079738 0 0 0
1 1 0.00943199 0 0 0
-1 -1 0 0 0.00600924 0
-1 -1 0 0 0.00437451 0
1 1 0.0106782 0 0 0
-1 -1 0 0 0.00910098 0
1 1 0.00737779 0 5.64401e-05 0
-1 -1 0.000288961 0 0.00947253 0
1 1 0.00505561 0 0 0
-1 -1 0.000259458 0 0.00229 0
1 1 0.00263124 0 0 0
1 1 0.00250012 0 0 0
-1 -1 0 0 0.00702565 0
1 1 0.00694262 0 0 0
-1 -1 0.000177264 0 0.00851141 0
1 1 0.00732947 0 0 0
1 1 0.00697212 0 3.67596e-05 0
1 1 0.00166506 0 0.000119913 0
-1 -1 1.72753e-05 0 0.00340963 0
-1 -1 0 0 0.00897406 0
1 1 0.00393562 0 0.000327523 0
-1 -1 0.00116187 0 0.00835538 0
-1 -1 0 0 0.0100344 0
1 1 0.00978869 0 0 0
1 1 0.00725422 0 2.91015e-05 0
1 1 0.0032576 0 9.94871e-16 0
-1 -1 1.09219e-05 0 0.00194285 0
-1 -1 1.85803e-07 0 0.0020444 0
1 1 0.00232988 0 0 0
1 1 0.00363456 0 0 0
1 1 0.00377626 0 0 0
1 1 0.00394429 0 7.66829e-11 0
1 1 0.00378033 0 0 0
1 1 0.00440323 0 1.0794e-07 0
1 1 0.00386184 0 0 0
1 1 0.00247963 0 0 0
1 1 0.00391369 0 0.000256499 0
-1 -1 2.35911e-06 0 0.0038443 0
-1 -1 0.000304486 0 0.00407235 0
1 1 0.00204556 0 4.05709e-05 0
-1 -1 6.96646e-08 0 0.00227428 0
-1 -1 0.00030402 0 0.00227965 0
1 1 0.00223016 0 4.35366e-06 0
-1 -1 0 0 0.000906202 0
1 1 0.00150271 0 0 0
-1 -1 6.84797e-12 0 0.00185299 0
1 1 0.00241529 0 0.000359795 0
1 1 0.0059499 0 0.000393187 0
1 1 0.00557068 0 3.65239e-07 0
-1 -1 0.000108086 0 0.00735419 0
-1 -1 0 0 0.00379632 0
-1 -1 0 0 0.00810924 0
1 1 0.00392836 0 0 0
1 1 0.00396985 0 0.000408264 0
-1 -1 0.000539586 0 0.00407235 0
1 1 0.00567612 0 0 0
-1 -1 0.001008 0 0.00411429 0
1 1 6.52103e-43 0 0 0
1 1 9.17814e-31 0 0 0
2 -1 0 0 5.00876e-05 0
1 1 1.32854e-08 0 0 0
-2 1 1.13707e-05 0 0 0
1 1 0.000411914 0 0 0
1 1 0.000176337 0 0 0
-1 1 0.00142595 0 0 0
-1 1 0.000360424 0 0 0
1 1 0.00131642 0 0 0
-1 1 0.00610154 0 0 0
-1 1 0.000611961 0 0 0
1 -2 0 0.00279647 0 0
-1 -1 0 0 0.00403112 0
-1 -1 0 0 0.00118081 0
-1 -1 0 0 2.44072e-05 0
2 2 0 0 0 0.00460505
-1 1 0.000312419 0 0 0
-2 -1 0 0 2.00513e-05 0
1 1 0.000545167 0 0 0
-1 -1 0 0 3.43857e-10 0
2 -1 0 0 5.93159e-06 0
-1 1 0.000112613 0 0 0
1 1 6.47738e-08 0 0 0
-2 1 1.34242e-05 0 0 0
1 -1 0 0 2.9789e-05 0
-1 -1 0 0 3.45361e-07 0
1 1 6.22042e-05 0 0 0
-1 -1 0 0 0.000587446 0
1 -2 0 0.00106012 0 0
1 -2 0 0.000113346 0 0
-2 1 0.000468371 0 0 0
2 -1 0 0 7.13774e-06 0
-1 -2 0 0.000249711 0 0
-1 2 0 0 0 0.000851163
-1 1 1.29976e-05 0 0 0
1 1 5.15987e-10 0 0 0
-2 1 3.40976e-06 0 0 0
2 1 1.32478e-06 0 0 0
1 -1 0 0 4.70285e-06 0
1 -1 0 0 7.37802e-06 0
1 -1 0 0 6.34343e-06 0
-1 -1 0 0 2.48239e-06 0
1 -1 0 0 5.69452e-06 0
1 1 9.53798e-05 0 0 0
1 -1 0 0 0.000164417 0
1 1 0.000394235 0 0 0
1 1 0.000148515 0 0 0
1 -1 0 0 5.26608e-06 0
1 1 0.000193207 0 0 0
-1 -1 0 0 0.000478386 0
-2 1 0.00132689 0 0 0
2 1 1.46671e-06 0 0 0
-1 1 6.24214e-06 0 0 0
-1 -1 0 0 6.91483e-05 0
1 -1 0 0 1.9003e-05 0
2 1 2.12649e-05 0 0 0
1 1 0.000244232 0 0 0
1 -1 0 0 4.07048e-05 0
1 -1 0 0 0.000653538 0
-1 1 0.000134862 0 0 0
1 -1 0 0 1.00158e-05 0
1 -1 0 0 5.16671e-16 0
-2 -1 0 0 3.39227e-08 0
1 -1 0 0 3.27769e-05 0
1 1 6.32507e-06 0 0 0
-1 -1 0 0 4.7526e-06 0
-1 1 0.00115166 0 0 0
1 -1 0 0 0.000926712 0
1 1 0.000374272 0 0 0
1 -1 0 0 4.6601e-05 0
1 1 0.00125303 0 0 0
1 1 0.00111228 0 0 0
1 -1 0 0 8.40614e-08 0
-1 1 2.06749e-06 0 0 0
2 -1 0 0 7.06457e-06 0
1 -1 0 0 0.00120025 0
1 1 1.25292e-05 0 0 0
1 -1 0 0 0.00193394 0
-1 -1 0 0 2.31652e-05 0
1 1 0.00169202 0 0 0
-1 1 4.95801e-06 0 0 0
-1 1 1.33996e-05 0 0 0
-1 -1 0 0 1.42477e-05 0
1 -2 0 0.00321152 0 0
-1 1 4.26815e-07 0 0 0
-1 1 0.000187293 0 0 0
-1 -1 0 0 9.10094e-05 0
-1 1 5.05243e-05 0 0 0
-1 -1 0 0 7.70976e-06 0
-1 -1 0 0 1.04572e-05 0
1 1 0.00101355 0 0 0
2 -1 0 0 1.6919e-05 0
1 1 0.00148354 0 0 0
1 -1 0 0 0.000664854 0
-1 2 0 0 0 0.00101982
-1 1 0.000321293 0 0 0
1 -1 0 0 6.17731e-06 0
-1 1 0.000500277 0 0 0
2 1 6.27599e-06 0 0 0
-1 2 0 0 0 0.00316825
1 -1 0 0 1.54774e-05 0
1 1 0.00126442 0 0 0
-1 -1 0 0 0.000201104 0
-1 -1 0 0 4.52075e-06 0
-2 1 1.48571e-05 0 0 0
1 -1 0 0 6.3958e-05 0
2 -1 0 0 0.0014271 0
1 1 2.15986e-05 0 0 0
-1 -1 0 0 0.000331279 0
-2 1 0.000168597 0 0 0
-1 1 7.2636e-07 0 0 0
-1 1 3.51171e-07 0 0 0
-1 -2 0 0.001164 0 0
-1 -1 0 0 0.000243254 0
-1 -1 0 0 0.000275673 0
-1 -1 0 0 0.000414031 0
1 -1 0 0 3.97241e-07 0
1 1 6.58413e-05 0 0 0
2 1 6.14297e-08 0 0 0
-2 -1 0 0 4.95227e-06 0
-1 -1 0 0 0.00138026 0
-1 -1 0 0 0.00148219 0
-1 1 1.13242e-05 0 0 0
1 -1 0 0 3.85924e-12 0
1 -1 0 0 1.04858e-07 0
1 -1 0 0 0.000671643 0
-1 1 0.00119605 0 0 0
1 1 4.51032e-06 0 0 0
-2 1 2.2743e-08 0 0 0
1 -2 0 4.04488e-07 0 0
2 -1 0 0 2.40383e-06 0
1 2 0 0 0 9.8543e-06
-1 1 2.60008e-06 0 0 0
1 -2 0 0.000725152 0 0
1 1 0.000336498 0 0 0
-1 -2 0 0.00191078 0 0
1 1 0.000185078 0 0 0
-1 -2 0 0.0045526 0 0
1 -1 0 0 6.27255e-06 0
-1 -1 0 0 1.6095e-07 0
-1 -1 0 0 6.6762e-05 0
2 2 0 0 0 0.00446569
1 -1 0 0 0.000185519 0
-1 -1 0 0 6.82469e-06 0
1 -1 0 0 0.000331699 0
-1 1 0.00352853 0 0 0
-1 1 0.00461685 0 0 0
1 -1 0 0 8.97005e-06 0
-1 2 0 0 0 0.00113712
-1 -2 0 0.000567676 0 0
1 1 0.000586739 0 0 0
-2 -1 0 0 0.000490164 0
1 -1 0 0 7.96067e-06 0
-1 -2 0 0.000858172 0 0
-1 -1 0 0 5.17745e-06 0
2 1 3.90856e-07 0 0 0
-2 1 6.08929e-08 0 0 0
-1 -1 0 0 0.000286956 0
1 1 4.23918e-11 0 0 0
-1 -1 0 0 0.000127494 0
2 -1 0 0 8.15649e-06 0
-1 -1 0 0 0.000565665 0
2 1 0.00116711 0 0 0
1 1 0.000959669 0 0 0
-1 -1 0 0 0.000777712 0
1 1 0.000145154 0 0 0
1 1 3.75453e-05 0 0 0
1 1 1.47891e-06 0 0 0
1 1 2.21631e-07 0 0 0
1 1 0.000512112 0 0 0
1 1 0.000334118 0 0 0
1 1 0.00073439 0 0 0
1 1 3.52022e-05 0 0 0
1 1 1.0615e-05 0 0 0
-2 -1 0 0 5.36806e-06 0
-2 1 5.44789e-07 0 0 0
-1 1 0.000559419 0 0 0
1 1 0.000374803 0 0 0
1 1 7.50935e-05 0 0 0
1 -1 0 0 0.000161497 0
1 1 0.00150919 0 0 0
-1 -1 0 0 0.000267225 0
-1 1 0.000175648 0 0 0
1 1 0.000191341 0 0 0
1 1 0.000997902 0 0 0
1 2 0 0 0 0.000539085
2 -1 0 0 1.73673e-07 0
-2 1 6.55561e-06 0 0 0
-1 -1 0 0 3.78837e-06 0
1 1 2.23653e-05 0 0 0
-2 1 0.000529422 0 0 0
-1 -1 0 0 0.00373813 0
-1 -1 0 0 0.00220552 0
-1 -1 0 0 0.000235507 0
1 2 0 0 0 0.00242536
1 1 5.80141e-07 0 0 0
1 1 0.0015217 0 0 0
1 -1 0 0 4.94516e-06 0
-1 1 0.000704803 0 0 0
1 -1 0 0 0.00165972 0
1 1 0.000806332 0 0 0
1 -1 0 0 0.00438046 0
1 -1 0 0 7.29192e-05 0
-1 -1 0 0 2.5906e-06 0
-2 -2 0 0.000308603 0 0
-1 -1 0 0 5.12845e-06 0
2 -2 0 0.00168927 0 0
1 1 1.00941e-05 0 0 0
1 -2 0 0.000102386 0 0
1 -1 0 0 1.00836e-07 0
-2 -1 0 0 1.10748e-07 0
1 2 0 0 0 0.00163783
-1 -1 0 0 0.00018482 0
1 -1 0 0 4.59527e-05 0
-1 1 6.73274e-07 0 0 0
1 -1 0 0 1.00999e-09 0
2 -1 0 0 3.16797e-34 0
2 2 0 0 0 3.79301e-07
-1 -2 0 0.00283298 0 0
2 1 0.00370985 0 0 0
1 1 3.57542e-05 0 0 0
-1 -2 0 0.000694454 0 0
-2 -1 0 0 0.00143129 0
2 1 3.85817e-08 0 0 0
1 -1 0 0 0.000165065 0
2 -1 0 0 3.45392e-05 0
1 1 0.000453837 0 0 0
-1 1 1.81098e-07 0 0 0
1 -1 0 0 0.00331209 0
-1 1 0.00202619 0 0 0
1 1 0.000831577 0 0 0
1 1 0.0012727 0 0 0
-1 1 6.27112e-05 0 0 0
-1 1 0.00010591 0 0 0
-2 -1 0 0 7.05042e-06 0
-1 1 0.000189836 0 0 0
1 -1 0 0 0.00154515 0
1 -1 0 0 4.39878e-05 0
-1 1 0.00240752 0 0 0
1 -1 0 0 1.81075e-05 0
-1 -1 0 0 9.03231e-05 0
-1 -1 0 0 1.76766e-05 0
-1 -1 0 0 0.000113062 0
1 -1 0 0 5.26778e-06 0
-1 1 0.000363343 0 0 0
-1 1 0.00039023 0 0 0
1 -1 0 0 0.000144651 0
-1 1 0.0010344 0 0 0
1 -1 0 0 4.8269e-05 0
1 1 0.000915502 0 0 0
-1 1 0.000786547 0 0 0
-1 -1 0 0 7.59651e-05 0
1 -1 0 0 4.99644e-05 0
-1 1 9.06456e-05 0 0 0
1 1 0.00140776 0 0 0
1 2 0 0 0 0.00392887
1 1 2.1291e-06 0 0 0
-2 -1 0 0 1.06536e-05 0
-1 -2 0 0.00033488 0 0
2 1 0.000276353 0 0 0
1 2 0 0 0 0.000482076
1 2 0 0 0 0.000117362
-1 2 0 0 0 5.4059e-05
2 -1 0 0 0.000174278 0
-1 -1 1.37955e-08 0 2.22603e-06 0
-1 -1 0 0 4.665e-06 0
2 1 0.000247039 0 0 0
-1 2 0 0 0.000149605 0.0003515
-1 1 1.08943e-05 0 0 0
1 -1 8.63479e-06 0 0.000309848 0
1 -1 7.03577e-07 0 0.000110518 0
1 1 0.000868527 0 0 0
1 1 0.000729476 0 0 0
1 -1 8.9822e-06 0 0.000548418 0
1 1 2.45884e-06 0 0 0
1 2 0 0 0 0.000946426
-1 -1 0 0.000205669 0.000216761 0
-1 1 0.000346943 0 1.83219e-11 0
1 -1 9.70468e-05 0 0.000191667 0
1 1 0.000113304 0 0 0
1 1 0.000652583 0 0.000452596 0
-2 -1 3.10889e-05 0 0.00175672 0
1 1 0.000373578 0 0 0
-1 -1 0 0 5.40961e-06 0
1 -1 0 0 9.64289e-06 0
-1 1 0.000244686 0 0 0
-1 1 0.000262957 0 0 0
1 1 3.68039e-05 0 0 0
1 -1 0 0 3.12286e-06 0
-1 -1 0 0 3.29413e-06 0
1 1 0.000217168 0 0 0
2 1 3.29687e-05 0 3.2162e-06 0
-1 1 3.78114e-08 0 7.91882e-11 0
1 -1 4.2982e-11 0 1.18908e-09 0
-2 -1 0 0 5.7444e-06 0
1 -1 5.92562e-06 0 7.32313e-05 0
1 1 5.11399e-06 0 3.40427e-06 0
1 -2 0 0.000848509 3.11058e-06 0
1 1 0.000486305 0 0 0
2 1 4.84031e-05 0 0 0
-2 -1 1.10394e-07 0 0.00103111 0
-2 2 0.000146937 0 0 0.000878019
1 1 0.000179302 0 0 0
-1 2 3.96553e-08 0 0 0.000393387
-1 1 0.000386516 0 3.26683e-06 0
-1 1 0.000764182 0 0 0
1 -1 0 0 4.44636e-06 0
1 -2 0 0.000111971 2.55207e-07 0
1 1 2.78627e-14 0 0 0
-1 -1 0 0 2.64407e-06 0
-1 -1 0 0 2.16265e-06 0
2 -1 2.10041e-08 0 5.85714e-06 0
-1 -1 1.21994e-06 0 2.85127e-06 0
1 -1 0 0 2.81193e-06 0
-1 1 1.09722e-05 0 0 0
-1 1 0.000114051 0 0 0
2 1 0.000296762 0 0 0
2 -1 0 0 7.54588e-05 0
-1 1 0.00167024 0 0 0
-1 -1 0 0 0.000771387 0
1 1 0.000132711 0 0 0
1 1 0.000207552 0 0 0
-1 1 0.000671354 0 0 0
1 -1 8.84717e-05 0 0.00133359 0
1 1 0.000778607 0 4.03903e-05 0
1 1 0.000204589 0 0 0
1 1 8.157e-05 0 2.58609e-06 0
-1 2 0 0 4.97065e-06 0.000731609
-1 1 0.000127161 0 0 0
-1 1 0.000271569 0 7.33589e-09 0
1 -1 0 0 0.000114961 0
-1 1 0.000203354 0 0 0
-1 -1 0 0 4.3129e-07 0
1 1 0.000108127 0 0 0
1 -2 0 0.000186104 0 0
2 -1 0 0 3.14254e-05 0
2 -1 0 0 1.52973e-06 0
-2 2 0 0 0 0.000255875
1 1 8.04673e-05 0 0 0
1 2 0 0 7.72313e-06 0.000358167
1 1 3.54588e-05 0 0 0
-2 1 0.000346895 0 0 0
1 -2 1.15776e-05 0.000581749 0 0
1 1 2.77241e-07 0 2.35812e-08 0
-1 -2 0 0.000172154 0 0
1 1 3.56504e-05 0 1.55407e-05 0
2 1 1.16259e-05 0 5.50886e-07 0
-1 -1 0 0 5.80664e-05 0
1 1 0.000117259 0 0 0
1 1 5.5675e-05 0 4.07412e-05 0
2 -1 0 0 6.4595e-06 0
-1 1 0.000404031 0 1.16216e-05 0
1 1 1.32854e-08 0 0 0
-2 1 1.13707e-05 0 0 0
1 1 0.000411914 0 0 0
1 1 0.000176337 0 0 0
-1 1 0.00142595 0 0 0
-1 1 0.000360424 0 0 0
1 1 0.00131642 0 0 0
-1 1 0.00610154 0 0 0
-1 1 0.000611961 0 0 0
1 -2 0 0.00279647 0 0
-1 -1 0 0 0.00403112 0
-1 -1 0 0 0.00118081 0
-1 -1 0 0 2.44072e-05 0
2 2 0 0 0 0.00460505
-1 1 0.000312419 0 0 0
-2 -1 0 0 2.00513e-05 0
1 1 0.000545167 0 0 0
-1 -1 0 0 3.43857e-10 0
2 -1 0 0 5.93159e-06 0
-1 1 0.000112613 0 0 0
1 1 6.47738e-08 0 0 0
-2 1 1.34242e-05 0 0 0
1 -1 0 0 2.9789e-05 0
-1 -1 0 0 3.45361e-07 0
1 1 6.22042e-05 0 0 0
-1 -1 0 0 0.000587446 0
1 -2 0 0.00106012 0 0
1 -2 0 0.000113346 0 0
-2 1 0.000468371 0 0 0
2 -1 0 0 7.13774e-06 0
-1 -2 0 0.000249711 0 0
-1 2 0 0 0 0.000851163
-1 1 1.29976e-05 0 0 0
1 1 5.15987e-10 0 0 0
-2 1 3.40976e-06 0 0 0
2 1 1.32478e-06 0 0 0
1 -1 0 0 4.70285e-06 0
1 -1 0 0 7.37802e-06 0
1 -1 0 0 6.34343e-06 0
-1 -1 0 0 2.48239e-06 0
1 -1 0 0 5.69452e-06 0
1 1 9.53798e-05 0 0 0
1 -1 0 0 0.000164417 0
1 1 0.000394235 0 0 0
1 1 0.000148515 0 0 0
1 -1 0 0 5.26608e-06 0
1 1 0.000193207 0 0 0
-1 -1 0 0 0.000478386 0
-2 1 0.00132689 0 0 0
2 1 1.46671e-06 0 0 0
-1 1 6.24214e-06 0 0 0
-1 -1 0 0 6.91483e-05 0
1 -1 0 0 1.9003e-05 0
2 1 2.12649e-05 0 0 0
1 1 0.000244232 0 0 0
1 -1 0 0 4.07048e-05 0
1 -1 0 0 0.000653538 0
-1 1 0.000134862 0 0 0
1 -1 0 0 1.00158e-05 0
1 -1 0 0 5.16671e-16 0
-2 -1 0 0 3.39227e-08 0
1 -1 0 0 3.27769e-05 0
1 1 6.32507e-06 0 0 0
-1 -1 0 0 4.7526e-06 0
-1 1 0.00115166 0 0 0
1 -1 0 0 0.000926712 0
1 1 0.000374272 0 0 0
1 -1 0 0 4.6601e-05 0
1 1 0.00125303 0 0 0
1 1 0.00111228 0 0 0
1 -1 0 0 8.40614e-08 0
-1 1 2.06749e-06 0 0 0
2 -1 0 0 7.06457e-06 0
1 -1 0 0 0.00120025 0
1 1 1.25292e-05 0 0 0
1 -1 0 0 0.00193394 0
-1 -1 0 0 2.31652e-05 0
1 1 0.00169202 0 0 0
-1 1 4.95801e-06 0 0 0
-1 1 1.33996e-05 0 0 0
-1 -1 0 0 1.42477e-05 0
1 -2 0 0.00321152 0 0
-1 1 4.26815e-07 0 0 0
-1 1 0.000187293 0 0 0
-1 -1 0 0 9.10094e-05 0
-1 1 5.05243e-05 0 0 0
-1 -1 0 0 7.70976e-06 0
-1 -1 0 0 1.04572e-05 0
1 1 0.00101355 0 0 0
2 -1 0 0 1.6919e-05 0
1 1 0.00148354 0 0 0
1 -1 0 0 0.000664854 0
-1 2 0 0 0 0.00101982
-1 1 0.000321293 0 0 0
1 -1 0 0 6.17731e-06 0
-1 1 0.000500277 0 0 0
2 1 6.27599e-06 0 0 0
-1 2 0 0 0 0.00316825
1 -1 0 0 1.54774e-05 0
1 1 0.00126442 0 0 0
-1 -1 0 0 0.000201104 0
-1 -1 0 0 4.52075e-06 0
-2 1 1.48571e-05 0 0 0
1 -1 0 0 6.3958e-05 0
2 -1 0 0 0.0014271 0
1 1 2.15986e-05 0 0 0
-1 -1 0 0 0.000331279 0
-2 1 0.000168597 0 0 0
-1 1 7.2636e-07 0 0 0
-1 1 3.51171e-07 0 0 0
-1 -2 0 0.001164 0 0
-1 -1 0 0 0.000243254 0
-1 -1 0 0 0.000275673 0
-1 -1 0 0 0.000414031 0
1 -1 0 0 3.97241e-07 0
1 1 6.58413e-05 0 0 0
2 1 6.14297e-08 0 0 0
-2 -1 0 0 4.95227e-06 0
-1 -1 0 0 0.00138026 0
-1 -1 0 0 0.00148219 0
-1 1 1.13242e-05 0 0 0
1 -1 0 0 3.85924e-12 0
1 -1 0 0 1.04858e-07 0
1 -1 0 0 0.000671643 0
-1 1 0.00119605 0 0 0
1 1 4.51032e-06 0 0 0
-2 1 2.2743e-08 0 0 0
1 -2 0 4.04488e-07 0 0
2 -1 0 0 2.40383e-06 0
1 2 0 0 0 9.8543e-06
-1 1 2.60008e-06 0 0 0
1 -2 0 0.000725152 0 0
1 1 0.000336498 0 0 0
-1 -2 0 0.00191078 0 0
1 1 0.000185078 0 0 0
-1 -2 0 0.0045526 0 0
1 -1 0 0 6.27255e-06 0
-1 -1 0 0 1.6095e-07 0
-1 -1 0 0 6.6762e-05 0
2 2 0 0 0 0.00446569
1 -1 0 0 0.000185519 0
-1 -1 0 0 6.82469e-06 0
1 -1 0 0 0.000331699 0
-1 1 0.00352853 0 0 0
-1 1 0.00461685 0 0 0
1 -1 0 0 8.97005e-06 0
-1 2 0 0 0 0.00113712
-1 -2 0 0.000567676 0 0
1 1 0.000586739 0 0 0
-2 -1 0 0 0.000490164 0
1 -1 0 0 7.96067e-06 0
-1 -2 0 0.000858172 0 0
-1 -1 0 0 5.17745e-06 0
2 1 3.90856e-07 0 0 0
-2 1 6.08929e-08 0 0 0
-1 -1 0 0 0.000286956 0
1 1 4.23918e-11 0 0 0
-1 -1 0 0 0.000127494 0
2 -1 0 0 8.15649e-06 0
-1 -1 0 0 0.000565665 0
2 1 0.00116711 0 0 0
1 1 0.000959669 0 0 0
-1 -1 0 0 0.000777712 0
1 1 0.000145154 0 0 0
1 1 3.75453e-05 0 0 0
1 1 1.47891e-06 0 0 0
1 1 2.21631e-07 0 0 0
1 1 0.000512112 0 0 0
1 1 0.000334118 0 0 0
1 1 0.00073439 0 0 0
1 1 3.52022e-05 0 0 0
1 1 1.0615e-05 0 0 0
-2 -1 0 0 5.36806e-06 0
-2 1 5.44789e-07 0 0 0
-1 1 0.000559419 0 0 0
1 1 0.000374803 0 0 0
1 1 7.50935e-05 0 0 0
1 -1 0 0 0.000161497 0
1 1 0.00150919 0 0 0
-1 -1 0 0 0.000267225 0
-1 1 0.000175648 0 0 0
1 1 0.000191341 0 0 0
1 1 0.000997902 0 0 0
1 2 0 0 0 0.000539085
2 -1 0 0 1.73673e-07 0
-2 1 6.55561e-06 0 0 0
-1 -1 0 0 3.78837e-06 0
1 1 2.23653e-05 0 0 0
-2 1 0.000529422 0 0 0
-1 -1 0 0 0.00373813 0
-1 -1 0 0 0.00220552 0
-1 -1 0 0 0.000235507 0
1 2 0 0 0 0.00242536
1 1 5.80141e-07 0 0 0
1 1 0.0015217 0 0 0
1 -1 0 0 4.94516e-06 0
-1 1 0.000704803 0 0 0
1 -1 0 0 0.00165972 0
1 1 0.000806332 0 0 0
1 -1 0 0 0.00438046 0
1 -1 0 0 7.29192e-05 0
-1 -1 0 0 2.5906e-06 0
-2 -2 0 0.000308603 0 0
-1 -1 0 0 5.12845e-06 0
2 -2 0 0.00168927 0 0
1 1 1.00941e-05 0 0 0
1 -2 0 0.000102386 0 0
1 -1 0 0 1.00836e-07 0
-2 -1 0 0 1.10748e-07 0
1 2 0 0 0 0.00163783
-1 -1 0 0 0.00018482 0
1 -1 0 0 4.59527e-05 0
-1 1 6.73274e-07 0 0 0
1 -1 0 0 1.00999e-09 0
2 -1 0 0 3.16797e-34 0
2 2 0 0 0 3.79301e-07
-1 -2 0 0.00283298 0 0
2 1 0.00370985 0 0 0
1 1 3.57542e-05 0 0 0
-1 -2 0 0.000694454 0 0
-2 -1 0 0 0.00143129 0
2 1 3.85817e-08 0 0 0
1 -1 0 0 0.000165065 0
2 -1 0 0 3.45392e-05 0
1 1 0.000453837 0 0 0
-1 1 1.81098e-07 0 0 0
1 -1 0 0 0.00331209 0
-1 1 0.00202619 0 0 0
1 1 0.000831577 0 0 0
1 1 0.0012727 0 0 0
-1 1 6.27112e-05 0 0 0
-1 1 0.00010591 0 0 0
-2 -1 0 0 7.05042e-06 0
-1 1 0.000189836 0 0 0
1 -1 0 0 0.00154515 0
1 -1 0 0 4.39878e-05 0
-1 1 0.00240752 0 0 0
1 -1 0 0 1.81075e-05 0
-1 -1 0 0 9.03231e-05 0
-1 -1 0 0 1.76766e-05 0
-1 -1 0 0 0.000113062 0
1 -1 0 0 5.26778e-06 0
-1 1 0.000363343 0 0 0
-1 1 0.00039023 0 0 0
1 -1 0 0 0.000144651 0
-1 1 0.0010344 0 0 0
1 -1 0 0 4.8269e-05 0
1 1 0.000915502 0 0 0
-1 1 0.000786547 0 0 0
-1 -1 0 0 7.59651e-05 0
1 -1 0 0 4.99644e-05 0
-1 1 9.06456e-05 0 0 0
1 1 0.00140776 0 0 0
1 2 0 0 0 0.00392887
1 1 2.1291e-06 0 0 0
-2 -1 0 0 1.06536e-05 0
-1 -2 0 0.00033488 0 0
2 1 0.000276353 0 0 0
1 2 0 0 0 0.000482076
1 2 0 0 0 0.000117362
-1 2 0 0 0 5.4059e-05
2 -1 0 0 0.000174278 0
-1 -1 1.37955e-08 0 2.22603e-06 0
-1 -1 0 0 4.665e-06 0
2 1 0.000247039 0 0 0
-1 2 0 0 0.000149605 0.0003515
-1 1 1.08943e-05 0 0 0
1 -1 8.63479e-06 0 0.000309848 0
1 -1 7.03577e-07 0 0.000110518 0
1 1 0.000868527 0 0 0
1 1 0.000729476 0 0 0
1 -1 8.9822e-06 0 0.000548418 0
1 1 2.45884e-06 0 0 0
1 2 0 0 0 0.000946426
-1 -1 0 0.000205669 0.000216761 0
-1 1 0.000346943 0 1.83219e-11 0
1 -1 9.70468e-05 0 0.000191667 0
1 1 0.000113304 0 0 0
1 1 0.000652583 0 0.000452596 0
-2 -1 3.10889e-05 0 0.00175672 0
1 1 0.000373578 0 0 0
-1 -1 0 0 5.40961e-06 0
1 -1 0 0 9.64289e-06 0
-1 1 0.000244686 0 0 0
-1 1 0.000262957 0 0 0
1 1 3.68039e-05 0 0 0
1 -1 0 0 3.12286e-06 0
-1 -1 0 0 3.29413e-06 0
1 1 0.000217168 0 0 0
2 1 3.29687e-05 0 3.2162e-06 0
-1 1 3.78114e-08 0 7.91882e-11 0
1 -1 4.2982e-11 0 1.18908e-09 0
-2 -1 0 0 5.7444e-06 0
1 -1 5.92562e-06 0 7.32313e-05 0
1 1 5.11399e-06 0 3.40427e-06 0
1 -2 0 0.000848509 3.11058e-06 0
1 1 0.000486305 0 0 0
2 1 4.84031e-05 0 0 0
-2 -1 1.10394e-07 0 0.00103111 0
-2 2 0.000146937 0 0 0.000878019
1 1 0.000179302 0 0 0
-1 2 3.96553e-08 0 0 0.000393387
-1 1 0.000386516 0 3.26683e-06 0
-1 1 0.000764182 0 0 0
1 -1 0 0 4.44636e-06 0
1 -2 0 0.000111971 2.55207e-07 0
1 1 2.78627e-14 0 0 0
-1 -1 0 0 2.64407e-06 0
-1 -1 0 0 2.16265e-06 0
2 -1 2.10041e-08 0 5.85714e-06 0
-1 -1 1.21994e-06 0 2.85127e-06 0
1 -1 0 0 2.81193e-06 0
-1 1 1.09722e-05 0 0 0
-1 1 0.000114051 0 0 0
2 1 0.000296762 0 0 0
2 -1 0 0 7.54588e-05 0
-1 1 0.00167024 0 0 0
-1 -1 0 0 0.000771387 0
1 1 0.000132711 0 0 0
1 1 0.000207552 0 0 0
-1 1 0.000671354 0 0 0
1 -1 8.84717e-05 0 0.00133359 0
1 1 0.000778607 0 4.03903e-05 0
1 1 0.000204589 0 0 0
1 1 8.157e-05 0 2.58609e-06 0
-1 2 0 0 4.97065e-06 0.000731609
-1 1 0.000127161 0 0 0
-1 1 0.000271569 0 7.33589e-09 0
1 -1 0 0 0.000114961 0
-1 1 0.000203354 0 0 0
-1 -1 0 0 4.3129e-07 0
1 1 0.000108127 0 0 0
1 -2 0 0.000186104 0 0
2 -1 0 0 3.14254e-05 0
2 -1 0 0 1.52973e-06 0
-2 2 0 0 0 0.000255875
1 1 8.04673e-05 0 0 0
1 2 0 0 7.72313e-06 0.000358167
1 1 3.54588e-05 0 0 0
-2 1 0.000346895 0 0 0
1 -2 1.15776e-05 0.000581749 0 0
1 1 2.77241e-07 0 2.35812e-08 0
-1 -2 0 0.000172154 0 0
1 1 3.56504e-05 0 1.55407e-05 0
2 1 1.16259e-05 0 5.50886e-07 0
-1 -1 0 0 5.80664e-05 0
1 1 0.000117259 0 0 0
1 1 5.5675e-05 0 4.07412e-05 0
2 -1 0 0 6.4595e-06 0
-1 1 0.000404031 0 1.16216e-05 0
-2 1 1.2403e-05 0 4.22236e-09 0
1 1 0.000115848 0 0 0
1 1 1.22152e-07 0 0 0
1 1 6.05603e-05 0 0 0
1 1 1.85357e-06 0 0 0
-1 -1 0 0 0.000384673 0.000341784
-1 1 0.000156211 0 4.90608e-06 0
-1 1 9.09803e-05 0 0 0
1 1 0.000628282 0 0 0
1 1 3.58086e-05 0 9.87096e-06 0
-1 -1 2.19932e-05 0 3.97389e-05 0
-1 1 0.00079949 0 1.26168e-05 0
1 -1 0.000247495 0 0.000499635 0
1 1 0.000153706 0 7.07238e-05 0
-1 2 0 0 0 0.00259831
1 1 3.75833e-07 0 0 0
-2 -1 0 0 0.000166811 0
1 1 0.000285746 0 0 0
2 1 0.000168828 0 4.05081e-07 0
1 1 2.00269e-06 0 0 0
1 2 1.43403e-13 0 0 5.27246e-09
-1 2 0 2.04235e-08 0 1.98925e-06
2 -1 0 0 2.3515e-08 0
2 1 0.000891818 0 8.45938e-12 0
-1 1 0.000457718 0 9.06478e-05 0
-1 -1 0 0 0.000105663 0
1 2 0.000334946 0 0 0.00091346
1 1 0.000423013 0 2.03691e-05 0
-1 -1 0 0 0.000450342 0
-1 -1 0 0 0.000175417 0
-1 -1 0 0 4.99767e-06 0
-1 -1 0 0 1.14226e-05 0
-1 -1 0 0 0.00170611 0
-1 -1 0 0 0.00117674 0
-1 -1 0 0 8.12471e-06 0
-1 -1 0 0 6.7673e-05 0
1 2 0 0 2.02311e-06 0.000229342
-1 -1 4.63846e-05 0 0.00018634 0
-1 -1 0.000137427 0 0.0004278 0
-1 2 0 0 0.000266633 0.00124769
1 -1 0 0 0.000187976 0
-1 -2 0.00061203 0.000917239 0 0
1 1 0.000121073 0 0 0
1 1 0.000128425 0 1.55838e-05 0
1 1 0.000560557 0 0 0
-1 1 4.4802e-06 0 0 0
1 1 0.000470629 0 0 0
-1 -1 0 0 1.41858e-05 0
1 1 1.49209e-07 0 0 0
-1 1 2.87862e-05 0 0 0
-1 1 3.43551e-05 0 0 0
-1 1 0.00183635 0 0 0
1 -1 3.38718e-05 0 0.000511911 0
1 -1 0.000145181 0 0.000365404 0
-1 1 0.000445835 0 0 0
2 1 1.4526e-05 0 0 0
-1 -1 0 0 2.19084e-07 0
-1 1 1.33882e-07 0 0 0
-2 -1 0 0 2.72596e-05 0
-1 -1 0 0 0.00014381 0
1 1 0.000968348 0.000511488 0 0
1 1 0.0014309 0 0.00121886 0
1 1 0.00201435 0 0 0
1 1 0.000947108 0 0 0
1 -1 0 0 0.000550512 0
1 1 0.000203461 0 0 0
1 1 0.000113781 6.08611e-05 0 0
1 -1 2.37025e-07 0 2.08085e-05 0
1 1 0.000288275 0 8.95294e-05 0
1 1 0.00126451 0 0 0
1 1 0.000145682 0 0 0
-1 1 6.07643e-05 0 0 0
1 2 5.47299e-13 0 0 1.42259e-05
1 -2 4.46744e-07 0.000107275 0 0
1 2 0 0 0 1.19522e-05
-2 -1 0 0 5.96083e-05 0
1 1 1.26464e-11 0 0 0
2 2 1.02043e-06 0 0 8.66031e-05
2 2 0 0 0 0.000486147
2 2 0 0 0 0.000261321
-2 -2 3.89784e-10 2.06617e-05 0 0
-1 1 0.000232974 0 0 0
-2 1 0.00127433 0 0 0
-1 1 0.000137525 0 0 0
1 -1 7.76287e-05 0 0.00037897 0
-1 1 6.12577e-05 0 0 0
1 2 0 0 0 0.00090853
1 -2 0 0.00101367 2.65146e-06 0
-1 1 5.15625e-06 0 3.69701e-06 0
-1 -1 1.57546e-05 0 1.65167e-05 0
1 1 0.000362481 0 0 0
1 2 0 0 0 0.000703909
-1 -2 0 0.00491589 0 0
-1 1 9.96589e-05 0 0 0
-1 -2 0 0.000981832 9.30294e-05 0
-2 1 9.4183e-05 0 0 0
1 1 0.000205222 0 0 0
-2 1 0.000412887 0 8.14798e-06 0
1 1 0.00127118 0 1.84445e-05 0
1 1 0.00409105 0 0 0
1 1 8.95019e-05 0 2.16861e-05 0
-1 1 0.0001804 0 1.66097e-06 0
-1 1 2.61306e-05 0 3.99077e-06 0
1 1 0.00283458 0 4.64435e-06 0
1 -2 6.08451e-05 0.00121295 0 0
-1 1 0.00165024 0 0 0
-1 1 0.000280891 0 0 0
1 1 0.000222834 0 6.64587e-05 0
1 -1 0.000147651 0 0.000835437 0
1 -1 2.54979e-09 0 3.92634e-06 0
-1 -2 2.57563e-05 0.000591599 0 0
1 1 6.4789e-05 0 0 0
1 1 1.93426e-05 0 3.37656e-06 0
1 -2 0 0.000185133 0 0
-1 -1 1.75222e-05 0 4.05391e-05 0
1 1 0.000174411 0 0 0
-1 1 0.000655057 0 0 0
-1 1 0.00323118 0 0 0
1 -1 0.000778456 0 0.00160806 0
-1 1 0.00317964 0 0 0
-1 -1 0.000183021 0 0.000234484 0
-1 -2 5.11876e-05 0.00150701 0 0
1 1 3.8832e-05 0 4.95071e-10 0
-1 1 8.10481e-06 0 4.84441e-07 0
2 1 0.00038593 0 0 0
1 1 0.00176993 0 6.68088e-05 0
-1 1 0.000192919 0 0 0
-1 1 0.00115658 0 0 0
1 1 0.00201854 0 0.00200526 0
1 1 0.00463962 0 0 0
1 1 0.00525597 0 0 0
1 1 0.00516289 0 0 0
1 1 9.36446e-05 0 8.62573e-05 0
1 1 0.000275037 0 0 0
-2 1 0.000671297 0 7.53737e-06 0
1 -2 8.78179e-07 0.00174096 0 0
1 1 0.000132786 0 3.61234e-05 0
1 -1 0.000105146 0 0.00165193 0
1 -1 0 0 4.40079e-05 0
-1 1 0.00446561 0 0 0
1 -1 0.00045809 0 0.000722942 0
1 1 0.001248 0 0 0
1 -1 0 0 0.000347735 0
-1 -1 0 0 0.00197822 0
1 -1 0 0 8.39876e-05 0
-1 1 0.000177222 0 0.000105405 0
1 1 0.000218679 0 2.23665e-06 0
-1 -1 0 0 5.11886e-05 0
-2 1 0.000362841 0 0 0
-2 1 5.22637e-05 0 4.45989e-06 0
1 2 0 0 6.20238e-06 0.00111483
-1 1 0.00125788 0 0 0
-1 1 0.00044976 0 0 0
1 2 0 0 0.000473998 0.00172411
-1 -1 0 0 0.000379126 0
1 -1 0 0 0.000365332 0
1 -1 0 0 0.000337208 0
-1 1 0.00131963 0 0 0
2 1 0.000255834 0 0 0
1 1 0.000255309 0 0 0
-1 1 3.64975e-05 0 2.36957e-06 0
-1 -2 0 2.78145e-05 8.18886e-07 0
1 1 4.45646e-06 0 0 0
2 -1 0 0 1.57848e-06 0
-2 1 5.2271e-08 0 1.27016e-11 0
-1 -1 0 0 3.37229e-05 0
1 1 0.000117346 0 0 0
-1 -1 0 0 0.000890842 0
-1 1 0.00153938 0 0 0
-1 1 0.00105154 0 0 0
1 1 0.00166111 0 0 0
1 1 0.000436419 0 0 0
1 1 8.89074e-05 0 0 0
1 1 2.58829e-05 0 0 0
1 -1 0.000120707 0 0.001127 0
1 -1 0.000302747 0 0.000899223 0
1 -1 0.000438246 0 0.00102426 0
1 1 0.000970652 0 0.00095449 0
-1 -2 0 0.00273785 0 0
1 1 0.000203755 0 0 0
1 1 3.68201e-05 0 3.95437e-07 0
2 -2 5.10001e-07 0.000145684 0 0
-2 -1 0.000243591 0 0.000793961 0
-1 1 1.79571e-05 0 0 0
-1 1 3.70496e-06 0 0 0
-1 -1 0 0 0.00147692 0
1 -1 0 0 0.000535969 0
2 -1 3.14308e-05 0 9.75183e-05 0
1 -2 0 0.00132373 0 0
-1 -1 0 0 0.000402795 0
-1 1 0.000501208 0 0 0
