# The Best Parameter Set
# [alpha] [beta] [ks] [kt] [score]
1 1 1 1 1
# [label] [PRED] [DV 1] [DV -2] [DV -1] [DV 2]
1 1 0.000373007 0 0 0
-2 -2 0 0.000210712 0 0
1 1 0.000921735 0 0 0
-1 -1 0 0 0.000460712 0
-1 -1 0 0 0.000492424 0
-1 -1 0 0 0.000514569 0
1 1 0.000405844 0 0 0
1 1 0.000557313 0 0 0
1 1 0.000557313 0 0 0
-1 -1 0 0 0.000588958 0
-1 -1 0 0 0.000588958 0
-1 -1 0 0 0.000423344 0
-1 -1 0 0 0.000449688 0
-1 -1 0 0 0.000423344 0
-1 -1 0 0 0.000333949 0
-1 -1 0 0 0.000826973 0
1 1 0.00087791 0 0 0
1 1 0.000700816 0 0 0
1 1 0.00087791 0 0 0
-1 -1 0 0 0.000159268 0
1 1 0.000151034 0 0 0
2 2 0 0 0 7.49637e-05
1 1 0.00041101 0 0 0
-1 -1 0 0 0.000419451 0
1 1 0.000355577 0 0 0
1 1 0.000428205 0 0 0
1 1 0.000115509 0 0 0
1 1 0.000123195 0 0 0
1 1 0.000123787 0 0 0
-2 -2 0 9.60492e-05 0 0
-1 -1 0 0 0.00112108 0
1 1 0.00185652 0 0 0
-1 -1 0 0 0.00101161 0
1 1 0.00185652 0 0 0
-1 -1 0 0 0.000844101 0
1 1 0.000628867 0 0 0
1 1 0.000586372 0 0 0
1 1 0.000587786 0 0 0
1 1 0.000916451 0 0 0
-1 -1 0 0 0.000919274 0
1 1 0.000743738 0 0 0
1 1 0.000649086 0 0 0
-1 -1 0 0 0.00087726 0
1 1 0.00137393 0 0 0
1 1 0.00107008 0 0 0
-1 -1 0 0 0.00015346 0
-1 -1 0 0 0.000158935 0
-2 -2 0 0.000210712 0 0
-1 -1 0 0 0.000678177 0
-1 -1 0 0 0.00124801 0
1 1 0.000619142 0 0 0
1 1 0.00039002 0 0 0
-1 -1 0 0 0.00101216 0
1 1 0.000375179 0 0 0
-1 -1 0 0 0.000848726 0
1 1 0.00039002 0 0 0
-1 -1 0 0 0.000822114 0
1 1 0.00071711 0 0 0
1 1 0.000372915 0 0 0
-1 -1 0 0 0.000857838 0
-1 -1 0 0 0.00107269 0
1 1 0.000864438 0 0 0
-1 -1 0 0 0.00101931 0
1 1 0.000954352 0 0 0
1 1 0.000619743 0 0 0
-1 -1 0 0 0.000874023 0
1 1 0.000840243 0 0 0
1 1 0.000538285 0 0 0
1 1 0.000680937 0 0 0
1 1 0.000921735 0 0 0
1 1 0.000689927 0 0 0
1 1 0.000680937 0 0 0
1 1 0.00061204 0 0 0
1 1 0.000470872 0 0 0
-2 -2 0 0.000181063 0 0
1 1 0.000441415 0 0 0
-1 -1 0 0 0.000877218 0
-1 -1 0 0 0.000857838 0
1 1 0.000954352 0 0 0
-1 -1 0 0 0.00097656 0
-1 -1 0 0 0.00114068 0
-1 -1 0 0 0.00137084 0
1 1 0.00153962 0 0 0
1 1 0.00190673 0 0 0
1 1 0.000747958 0 0 0
1 1 0.000819932 0 0 0
-1 -1 0 0 0.00108303 0
-1 -1 0 0 0.0007567 0
1 1 0.000936413 0 0 0
1 1 0.000819932 0 0 0
-1 -1 0 0 0.00114068 0
1 1 0.00153962 0 0 0
1 1 0.00164056 0 0 0
1 1 0.00190673 0 0 0
-1 -1 0 0 0.000649351 0
1 1 0.000578844 0 0 0
1 1 0.000758726 0 0 0
1 1 0.000926797 0 0 0
1 1 0.000926797 0 0 0
1 1 0.00158288 0 0 0
1 1 0.00158288 0 0 0
1 1 0.000522909 0 0 0
-1 -1 0 0 0.000813553 0
1 1 0.000689927 0 0 0
-1 -1 0 0 0.000441481 0
-1 -1 0 0 0.000813553 0
1 1 0.000619791 0 0 0
1 1 0.00125361 0 0 0
1 1 0.00171099 0 0 0
1 1 0.00171099 0 0 0
-1 -1 0 0 0.000664414 0
-1 -1 0 0 0.000971562 0
-1 -1 0 0 0.00112188 0
1 1 0.000873359 0 0 0
1 1 0.00125361 0 0 0
1 1 0.000443579 0 0 0
1 1 0.00106757 0 0 0
1 1 0.00106757 0 0 0
1 1 0.00106034 0 0 0
-1 -1 0 0 0.00092088 0
-1 -1 0 0 0.00092088 0
1 1 0.00106034 0 0 0
1 1 0.00081985 0 0 0
1 1 0.000572295 0 0 0
1 1 0.000542142 0 0 0
1 1 0.00157213 0 0 0
-1 -1 0 0 0.00117873 0
1 1 0.00157213 0 0 0
1 1 0.00151466 0 0 0
1 1 0.00139088 0 0 0
-1 -1 0 0 0.000812299 0
1 1 0.00128148 0 0 0
1 1 0.00128148 0 0 0
-1 -1 0 0 0.00169531 0
-1 -1 0 0 0.00064025 0
1 1 0.00139088 0 0 0
-1 -1 0 0 0.00126242 0
1 1 0.0013065 0 0 0
-1 -1 0 0 0.00126242 0
1 1 0.000748002 0 0 0
-1 -1 0 0 0.000312481 0
1 1 0.000344196 0 0 0
1 1 0.000381733 0 0 0
-1 -1 0 0 0.00169531 0
1 1 0.00101192 0 0 0
-1 -1 0 0 0.00131731 0
1 1 0.0011519 0 0 0
1 1 0.00097518 0 0 0
1 1 0.000261809 0 0 0
-1 -1 0 0 0.000526094 0
-1 -1 0 0 0.00197105 0
1 1 0.00111548 0 0 0
-1 -1 0 0 0.0011438 0
-1 -1 0 0 0.00197105 0
1 1 0.00112179 0 0 0
1 1 0.00112179 0 0 0
1 1 0.000469002 0 0 0
-1 -1 0 0 0.000245433 0
-1 -1 0 0 0.000382856 0
1 1 0.00029306 0 0 0
1 1 0.000454911 0 0 0
1 1 0.000555322 0 0 0
1 1 0.000586372 0 0 0
1 1 0.000788745 0 0 0
1 1 0.000719143 0 0 0
1 1 0.000725788 0 0 0
1 1 0.000496232 0 0 0
1 1 0.000555322 0 0 0
-1 -1 0 0 0.000574684 0
-1 -1 0 0 0.000526901 0
1 1 0.000301737 0 0 0
-1 -1 0 0 0.000305264 0
-1 -1 0 0 0.00059317 0
1 1 0.000292288 0 0 0
-1 -1 0 0 0.000160513 0
1 1 0.000248553 0 0 0
-1 -1 0 0 0.00024686 0
1 1 0.00036029 0 0 0
1 1 0.00109674 0 0 0
1 1 0.000722299 0 0 0
-1 -1 0 0 0.000919274 0
-1 -1 0 0 0.000844101 0
-1 -1 0 0 0.00112108 0
1 1 0.000725788 0 0 0
1 1 0.000628867 0 0 0
-1 -1 0 0 0.000965618 0
1 1 0.00137393 0 0 0
-1 -1 0 0 0.00158216 0
1 1 0.000373007 0 0 0
-2 -2 0 0.000210712 0 0
1 1 0.000921735 0 0 0
-1 -1 0 0 0.000462931 0
-1 -1 0 0 0.000433496 0
-1 -1 0 0 0.00045529 0
1 1 0.000405844 0 0 0
1 1 0.000557313 0 0 0
1 1 0.000557313 0 0 0
-1 -1 0 0 0.000588958 0
-1 -1 0 0 0.000588958 0
-1 -1 0 0 0.000423344 0
-1 -1 0 0 0.000449688 0
-1 -1 0 0 0.000436964 0
-1 -1 0 0 0.000399972 0
-1 -1 0 0 0.000529842 0
1 1 0.00087791 0 0 0
1 1 0.000700816 0 0 0
1 1 0.00087791 0 0 0
-1 -1 0 0 0.000151701 0
1 1 0.000151034 0 0 0
2 2 0 0 0 7.49637e-05
1 1 0.00041101 0 0 0
-1 -1 0 0 0.00046383 0
1 1 0.000355577 0 0 0
1 1 0.000428205 0 0 0
1 1 0.000115509 0 0 0
1 1 0.000123195 0 0 0
1 1 0.000123787 0 0 0
-2 -2 0 9.60492e-05 0 0
-1 -1 0 0 0.00112108 0
1 1 0.00185652 0 0 0
-1 -1 0 0 0.00182474 0
1 1 0.00185652 0 0 0
-1 -1 0 0 0.000844101 0
1 1 0.000628867 0 0 0
1 1 0.000586372 0 0 0
1 1 0.000587786 0 0 0
1 1 0.000916451 0 0 0
-1 -1 0 0 0.00136606 0
1 1 0.000743738 0 0 0
1 1 0.000649086 0 0 0
-1 -1 0 0 0.000619232 0
1 1 0.00137393 0 0 0
1 1 0.00107008 0 0 0
-1 -1 0 0 0.00015346 0
-1 -1 0 0 0.000158935 0
-2 -2 0 0.000210712 0 0
-1 -1 0 0 0.000678177 0
-1 -1 0 0 0.00074123 0
1 1 0.000619142 0 0 0
1 1 0.00039002 0 0 0
-1 -1 0 0 0.00101216 0
1 1 0.000375179 0 0 0
-1 -1 0 0 0.000852029 0
1 1 0.00039002 0 0 0
-1 -1 0 0 0.000822114 0
1 1 0.00071711 0 0 0
1 1 0.000372915 0 0 0
-1 -1 0 0 0.000857838 0
-1 -1 0 0 0.00107269 0
1 1 0.000864438 0 0 0
-1 -1 0 0 0.000585512 0
1 1 0.000954352 0 0 0
1 1 0.000619743 0 0 0
-1 -1 0 0 0.000786469 0
1 1 0.000840243 0 0 0
1 1 0.000538285 0 0 0
1 1 0.000680937 0 0 0
1 1 0.000921735 0 0 0
1 1 0.000689927 0 0 0
1 1 0.000680937 0 0 0
1 1 0.00061204 0 0 0
1 1 0.000470872 0 0 0
-2 -2 0 0.000181063 0 0
1 1 0.000441415 0 0 0
-1 -1 0 0 0.000588481 0
-1 -1 0 0 0.000857838 0
1 1 0.000954352 0 0 0
-1 -1 0 0 0.00097656 0
-1 -1 0 0 0.00114068 0
-1 -1 0 0 0.000992062 0
1 1 0.00153962 0 0 0
1 1 0.00190673 0 0 0
1 1 0.000747958 0 0 0
1 1 0.000819932 0 0 0
-1 -1 0 0 0.00108303 0
-1 -1 0 0 0.000640623 0
1 1 0.000936413 0 0 0
1 1 0.000819932 0 0 0
-1 -1 0 0 0.00121243 0
1 1 0.00153962 0 0 0
1 1 0.00164056 0 0 0
1 1 0.00190673 0 0 0
-1 -1 0 0 0.000928683 0
1 1 0.000578844 0 0 0
1 1 0.000758726 0 0 0
1 1 0.000926797 0 0 0
1 1 0.000926797 0 0 0
1 1 0.00158288 0 0 0
1 1 0.00158288 0 0 0
1 1 0.000522909 0 0 0
-1 -1 0 0 0.000813553 0
1 1 0.000689927 0 0 0
-1 -1 0 0 0.000440783 0
-1 -1 0 0 0.000813553 0
1 1 0.000619791 0 0 0
1 1 0.00125361 0 0 0
1 1 0.00171099 0 0 0
1 1 0.00171099 0 0 0
-1 -1 0 0 0.00179997 0
-1 -1 0 0 0.000971562 0
-1 -1 0 0 0.00101914 0
1 1 0.000873359 0 0 0
1 1 0.00125361 0 0 0
1 1 0.000443579 0 0 0
1 1 0.00106757 0 0 0
1 1 0.00106757 0 0 0
1 1 0.00106034 0 0 0
-1 -1 0 0 0.00092088 0
-1 -1 0 0 0.00092088 0
1 1 0.00106034 0 0 0
1 1 0.00081985 0 0 0
1 1 0.000572295 0 0 0
1 1 0.000542142 0 0 0
1 1 0.00157213 0 0 0
-1 -1 0 0 0.00113658 0
1 1 0.00157213 0 0 0
1 1 0.00151466 0 0 0
1 1 0.00139088 0 0 0
-1 -1 0 0 0.000812299 0
1 1 0.00128148 0 0 0
1 1 0.00128148 0 0 0
-1 -1 0 0 0.00169531 0
-1 -1 0 0 0.00064025 0
1 1 0.00139088 0 0 0
-1 -1 0 0 0.00126242 0
1 1 0.0013065 0 0 0
-1 -1 0 0 0.00156779 0
1 1 0.000748002 0 0 0
-1 -1 0 0 0.000410446 0
1 1 0.000344196 0 0 0
1 1 0.000381733 0 0 0
-1 -1 0 0 0.00169531 0
1 1 0.00101192 0 0 0
-1 -1 0 0 0.00118407 0
1 1 0.0011519 0 0 0
1 1 0.00097518 0 0 0
1 1 0.000261809 0 0 0
-1 -1 0 0 0.000478035 0
-1 -1 0 0 0.00197105 0
1 1 0.00111548 0 0 0
-1 -1 0 0 0.00125974 0
-1 -1 0 0 0.00197105 0
1 1 0.00112179 0 0 0
1 1 0.00112179 0 0 0
1 1 0.000469002 0 0 0
-1 -1 0 0 0.000349224 0
-1 -1 0 0 0.000273815 0
1 1 0.00029306 0 0 0
1 1 0.000454911 0 0 0
1 1 0.000555322 0 0 0
1 1 0.000586372 0 0 0
1 1 0.000788745 0 0 0
1 1 0.000719143 0 0 0
1 1 0.000725788 0 0 0
1 1 0.000496232 0 0 0
1 1 0.000555322 0 0 0
-1 -1 0 0 0.000538961 0
-1 -1 0 0 0.000865893 0
1 1 0.000301737 0 0 0
-1 -1 0 0 0.000352549 0
-1 -1 0 0 0.00059317 0
1 1 0.000292288 0 0 0
-1 -1 0 0 0.000160513 0
1 1 0.000248553 0 0 0
-1 -1 0 0 0.000258652 0
1 1 0.00036029 0 0 0
1 1 0.00109674 0 0 0
1 1 0.000722299 0 0 0
-1 -1 0 0 0.00110623 0
-1 -1 0 0 0.000844101 0
-1 -1 0 0 0.00112108 0
1 1 0.000725788 0 0 0
1 1 0.000628867 0 0 0
-1 -1 0 0 0.000971386 0
1 1 0.00137393 0 0 0
-1 -1 0 0 0.0013066 0
1 1 0.000108368 0 0 0
1 1 0.000129871 0 0 0
2 2 0 0 0 0.000708456
1 1 0.00106595 0 0 0
-2 -2 0 0.000736757 0 0
1 1 0.00174337 0 0 0
1 1 0.00160157 0 0 0
-1 -1 0 0 0.00168996 0
-1 -1 0 0 0.00166014 0
1 1 0.00202159 0 0 0
-1 -1 0 0 0.00136814 0
-1 -1 0 0 0.00136814 0
1 1 0.000967407 0 0 0
-1 -1 0 0 0.00209533 0
-1 -1 0 0 0.00204785 0
-1 -1 0 0 0.00112417 0
2 2 0 0 0 0.00190677
-1 -1 0 0 0.00139878 0
-2 -2 0 0.000823038 0 0
1 1 0.00164888 0 0 0
-1 -1 0 0 0.0010412 0
2 2 0 0 0 0.000567953
-1 -1 0 0 0.00122778 0
1 1 0.00111042 0 0 0
-2 -2 0 0.000823038 0 0
1 1 0.00130346 0 0 0
-1 -1 0 0 0.00114842 0
1 1 0.00132078 0 0 0
-1 -1 0 0 0.00108519 0
1 1 0.000988247 0 0 0
1 1 0.00130346 0 0 0
-2 -2 0 0.000974911 0 0
2 2 0 0 0 0.000524523
-1 -1 0 0 0.00113991 0
-1 -1 0 0 0.000882664 0
-1 -1 0 0 0.000218758 0
1 1 0.000340664 0 0 0
-2 -2 0 0.00034161 0 0
2 2 0 0 0 0.000414909
1 1 0.000814839 0 0 0
1 1 0.000842012 0 0 0
1 1 0.00102264 0 0 0
-1 -1 0 0 0.00125061 0
1 1 0.000955485 0 0 0
1 1 0.00174337 0 0 0
1 1 0.00148802 0 0 0
1 1 0.00157582 0 0 0
1 1 0.00157582 0 0 0
1 1 0.00116223 0 0 0
1 1 0.00141238 0 0 0
-1 -1 0 0 0.00118049 0
-2 -2 0 0.000736757 0 0
2 2 0 0 0 0.000332131
-1 -1 0 0 0.000594665 0
-1 -1 0 0 0.000816651 0
1 1 0.00054755 0 0 0
2 2 0 0 0 0.00066689
1 1 0.00123105 0 0 0
1 1 0.00106529 0 0 0
1 1 0.00123105 0 0 0
-1 -1 0 0 0.000178304 0
1 1 0.000125551 0 0 0
1 1 0.000324461 0 0 0
-2 -2 0 0.000348856 0 0
1 1 0.000845106 0 0 0
1 1 0.000818139 0 0 0
-1 -1 0 0 0.00130863 0
-1 -1 0 0 0.0013641 0
1 1 0.00139478 0 0 0
1 1 0.00137545 0 0 0
1 1 0.000775719 0 0 0
1 1 0.00144473 0 0 0
1 1 0.00144473 0 0 0
1 1 0.000895639 0 0 0
-1 -1 0 0 0.000882135 0
2 2 0 0 0 0.000708456
1 1 0.00148802 0 0 0
1 1 0.00126235 0 0 0
1 1 0.00123178 0 0 0
-1 -1 0 0 0.000906112 0
1 1 0.00202159 0 0 0
-1 -1 0 0 0.000713904 0
-1 -1 0 0 0.000829266 0
-1 -1 0 0 0.00118049 0
1 1 0.000998052 0 0 0
-1 -1 0 0 0.00102262 0
-1 -1 0 0 0.00106201 0
-1 -1 0 0 0.000790311 0
-1 -1 0 0 0.00092652 0
-1 -1 0 0 0.00111876 0
-1 -1 0 0 0.000932615 0
1 1 0.00134069 0 0 0
2 2 0 0 0 0.00106843
1 1 0.00141238 0 0 0
1 1 0.00103148 0 0 0
-1 -1 0 0 0.00105529 0
-1 -1 0 0 0.00143999 0
1 1 0.000802779 0 0 0
-1 -1 0 0 0.000752021 0
2 2 0 0 0 0.000469063
-1 -1 0 0 0.000608687 0
1 1 0.000907604 0 0 0
1 1 0.00113104 0 0 0
-1 -1 0 0 0.00105911 0
-1 -1 0 0 0.00099233 0
-2 -2 0 0.000508725 0 0
1 1 0.000574583 0 0 0
2 2 0 0 0 0.000654319
1 1 0.000847774 0 0 0
-1 -1 0 0 0.00105911 0
-2 -2 0 0.000664959 0 0
-1 -1 0 0 0.000749055 0
-1 -1 0 0 0.000682193 0
-1 -1 0 0 0.00156632 0
-1 -1 0 0 0.00134388 0
-1 -1 0 0 0.00134388 0
-1 -1 0 0 0.0014343 0
1 1 0.000605069 0 0 0
1 1 0.000907421 0 0 0
2 2 0 0 0 0.000548192
-2 -2 0 0.000799608 0 0
-1 -1 0 0 0.00110141 0
-1 -1 0 0 0.00110141 0
-1 -1 0 0 0.000513575 0
1 1 0.000226446 0 0 0
1 1 0.000446764 0 0 0
1 1 0.00050626 0 0 0
-1 -1 0 0 0.00102108 0
1 1 0.000434871 0 0 0
-2 -2 0 0.000333502 0 0
1 1 0.000438906 0 0 0
2 2 0 0 0 0.000332131
1 1 0.000495845 0 0 0
-1 -1 0 0 0.000619744 0
1 1 0.000907421 0 0 0
1 1 0.00164172 0 0 0
-1 -1 0 0 0.00104489 0
1 1 0.00166667 0 0 0
-1 -1 0 0 0.00223351 0
1 1 0.000817631 0 0 0
-1 -1 0 0 0.000844094 0
-1 -1 0 0 0.00112417 0
2 2 0 0 0 0.00190677
1 1 0.00108432 0 0 0
-1 -1 0 0 0.00127151 0
1 1 0.00137367 0 0 0
-1 -1 0 0 0.00222998 0
-1 -1 0 0 0.00246791 0
1 1 0.00137367 0 0 0
-1 -1 0 0 0.00108519 0
-1 -1 0 0 0.00122516 0
1 1 0.00166667 0 0 0
-2 -2 0 0.000974911 0 0
1 1 0.00132078 0 0 0
-1 -1 0 0 0.00109089 0
-1 -1 0 0 0.00096461 0
2 2 0 0 0 0.000548192
-2 -2 0 0.000638943 0 0
-1 -1 0 0 0.0014343 0
1 1 0.000788035 0 0 0
-1 -1 0 0 0.000895153 0
2 2 0 0 0 0.000630437
-1 -1 0 0 0.0013867 0
2 2 0 0 0 0.000858404
1 1 0.00137545 0 0 0
-1 -1 0 0 0.000790311 0
1 1 0.000895639 0 0 0
1 1 0.000998052 0 0 0
1 1 0.00131451 0 0 0
1 1 0.00118882 0 0 0
1 1 0.00123177 0 0 0
1 1 0.00120533 0 0 0
1 1 0.000958284 0 0 0
1 1 0.000603379 0 0 0
1 1 0.000609607 0 0 0
-2 -2 0 0.000664959 0 0
-2 -2 0 0.00072621 0 0
-1 -1 0 0 0.00099233 0
1 1 0.00134069 0 0 0
1 1 0.000802779 0 0 0
1 1 0.000574583 0 0 0
1 1 0.00113104 0 0 0
-1 -1 0 0 0.000816651 0
-1 -1 0 0 0.000797931 0
1 1 0.00123177 0 0 0
1 1 0.000958284 0 0 0
1 1 0.000603379 0 0 0
2 2 0 0 0 0.000654319
-2 -2 0 0.000509844 0 0
-1 -1 0 0 0.0012088 0
1 1 0.0010074 0 0 0
-2 -2 0 0.000619434 0 0
-1 -1 0 0 0.00209533 0
-1 -1 0 0 0.00204785 0
-1 -1 0 0 0.0013867 0
1 1 0.00139478 0 0 0
1 1 0.000899861 0 0 0
1 1 0.00129139 0 0 0
1 1 0.00104124 0 0 0
-1 -1 0 0 0.00112031 0
1 1 0.00183064 0 0 0
1 1 0.00183064 0 0 0
1 1 0.00117719 0 0 0
1 1 0.0011192 0 0 0
-1 -1 0 0 0.000667492 0
-2 -2 0 0.00072621 0 0
-1 -1 0 0 0.00095548 0
2 2 0 0 0 0.00106843
1 1 0.000775719 0 0 0
1 1 0.000797954 0 0 0
1 1 0.000735186 0 0 0
-2 -2 0 0.00059916 0 0
1 1 0.000728688 0 0 0
-1 -1 0 0 0.000895153 0
1 1 0.000765555 0 0 0
-1 -1 0 0 0.000400106 0
1 1 0.000261796 0 0 0
2 2 0 0 0 0.000270994
2 2 0 0 0 0.000301648
-1 -1 0 0 0.00118755 0
2 2 0 0 0 0.000448922
1 1 0.000591741 0 0 0
-1 -1 0 0 0.000536721 0
-2 -2 0 0.000478574 0 0
2 2 0 0 0 0.000530108
1 1 0.000739294 0 0 0
2 2 0 0 0 0.000555069
1 1 0.00104512 0 0 0
-1 -1 0 0 0.00083927 0
1 1 0.00089555 0 0 0
-1 -1 0 0 0.00152625 0
1 1 0.00127539 0 0 0
1 1 0.00127539 0 0 0
-1 -1 0 0 0.000913497 0
-1 -1 0 0 0.00101729 0
-2 -2 0 0.000281561 0 0
-1 -1 0 0 0.00102223 0
1 1 0.00118492 0 0 0
1 1 0.000886161 0 0 0
-1 -1 0 0 0.00102223 0
1 1 0.00118492 0 0 0
-1 -1 0 0 0.00111084 0
-1 -1 0 0 0.000965819 0
-1 -1 0 0 0.00111084 0
1 1 0.000875877 0 0 0
-1 -1 0 0 0.00153596 0
-1 -1 0 0 0.000597519 0
1 1 0.000534841 0 0 0
-1 -1 0 0 0.0010869 0
1 1 0.00123557 0 0 0
1 1 0.00123557 0 0 0
-1 -1 0 0 0.00131886 0
-1 -1 0 0 0.00131886 0
1 1 0.00118433 0 0 0
-1 -1 0 0 0.00105466 0
1 1 0.00118433 0 0 0
1 1 0.00075245 0 0 0
1 1 0.000502354 0 0 0
-2 -2 0 0.000336229 0 0
-1 -1 0 0 0.000571871 0
2 2 0 0 0 0.000530108
1 1 0.00075245 0 0 0
1 1 0.000487711 0 0 0
-1 -1 0 0 0.00056469 0
2 2 0 0 0 0.000555069
-1 -1 0 0 0.000829462 0
-1 -1 0 0 0.00111872 0
2 2 0 0 0 0.000322888
-1 -1 0 0 0.000984622 0
-1 -1 0 0 0.000763878 0
1 1 0.0008548 0 0 0
1 1 0.00101603 0 0 0
1 1 0.00211249 0 0 0
1 1 0.00204269 0 0 0
1 1 0.00159625 0 0 0
1 1 0.00151512 0 0 0
1 1 0.00043325 0 0 0
-1 -1 0 0 0.00107671 0
-1 -1 0 0 0.000663819 0
1 1 0.00145532 0 0 0
1 1 0.00154803 0 0 0
1 1 0.00182395 0 0 0
-2 -2 0 0.000299805 0 0
1 1 0.000815815 0 0 0
-1 -1 0 0 0.00104806 0
1 1 0.0008392 0 0 0
-1 -1 0 0 0.000852383 0
-1 -1 0 0 0.0011546 0
1 1 0.0008392 0 0 0
1 1 0.000521525 0 0 0
-1 -1 0 0 0.000613728 0
1 1 0.000672796 0 0 0
2 2 0 0 0 0.000697398
-1 -1 0 0 0.000688482 0
1 1 0.000723853 0 0 0
-2 -2 0 0.000991345 0 0
1 1 0.00131597 0 0 0
1 1 0.00112008 0 0 0
1 1 0.00114957 0 0 0
1 1 0.000967474 0 0 0
2 2 0 0 0 0.000724439
-2 -2 0 0.000807701 0 0
-2 -2 0 0.000791555 0 0
1 1 0.00152149 0 0 0
-1 -1 0 0 0.00146473 0
-1 -1 0 0 0.00172758 0
-1 -1 0 0 0.00127248 0
1 1 0.000745826 0 0 0
1 1 0.000716592 0 0 0
1 1 0.000461047 0 0 0
-1 -1 0 0 0.000492616 0
-1 -1 0 0 0.000486556 0
2 2 0 0 0 0.000772295
-1 -1 0 0 0.00106244 0
1 1 0.000520647 0 0 0
-1 -1 0 0 0.000513852 0
-1 -1 0 0 0.00061815 0
2 2 0 0 0 0.000522519
2 2 0 0 0 0.000664919
-1 -1 0 0 0.00115644 0
-1 -1 0 0 0.00195447 0
1 1 0.00135974 0 0 0
1 1 0.00142343 0 0 0
-1 -1 0 0 0.00148244 0
1 1 0.00129359 0 0 0
1 1 0.00189903 0 0 0
1 1 0.0010502 0 0 0
1 1 0.00103434 0 0 0
-1 -1 0 0 0.00108577 0
-1 -1 0 0 0.00107357 0
-1 -1 0 0 0.000951733 0
1 1 0.000829192 0 0 0
-1 -1 0 0 0.00102915 0
-1 -1 0 0 0.000681219 0
1 1 0.000683707 0 0 0
1 1 0.000672796 0 0 0
2 2 0 0 0 0.000599967
2 2 0 0 0 0.000697398
-2 -2 0 0.000549771 0 0
1 1 0.000834991 0 0 0
1 1 0.0005538 0 0 0
1 1 0.000831837 0 0 0
-2 -2 0 0.000789127 0 0
1 1 0.000867463 0 0 0
1 1 0.00028379 0 0 0
-1 -1 0 0 0.000473189 0
1 1 0.000417498 0 0 0
2 2 0 0 0 0.000662791
-1 -1 0 0 0.0012654 0
1 1 0.000980024 0 0 0
1 1 0.00111411 0 0 0
2 2 0 0 0 0.000662791
-1 -1 0 0 0.00107448 0
1 1 0.000373007 0 0 0
-2 -2 0 0.000210712 0 0
1 1 0.000921735 0 0 0
-1 -1 0 0 0.000460712 0
-1 -1 0 0 0.000492424 0
-1 -1 0 0 0.000514569 0
1 1 0.000405844 0 0 0
1 1 0.000557313 0 0 0
1 1 0.000557313 0 0 0
-1 -1 0 0 0.000588958 0
-1 -1 0 0 0.000588958 0
-1 -1 0 0 0.000423344 0
-1 -1 0 0 0.000449688 0
-1 -1 0 0 0.000436964 0
-1 -1 0 0 0.000399972 0
-1 -1 0 0 0.000826973 0
1 1 0.00087791 0 0 0
1 1 0.000700816 0 0 0
1 1 0.00087791 0 0 0
-1 -1 0 0 0.000151701 0
1 1 0.000151034 0 0 0
2 2 0 0 0 7.49637e-05
1 1 0.00041101 0 0 0
-1 -1 0 0 0.00046383 0
1 1 0.000355577 0 0 0
1 1 0.000428205 0 0 0
1 1 0.000115509 0 0 0
1 1 0.000123195 0 0 0
1 1 0.000123787 0 0 0
-2 -2 0 9.60492e-05 0 0
-1 -1 0 0 0.00112108 0
1 1 0.00185652 0 0 0
-1 -1 0 0 0.00182474 0
1 1 0.00185652 0 0 0
-1 -1 0 0 0.000844101 0
1 1 0.000628867 0 0 0
1 1 0.000586372 0 0 0
1 1 0.000587786 0 0 0
1 1 0.000916451 0 0 0
-1 -1 0 0 0.00136606 0
1 1 0.000743738 0 0 0
1 1 0.000649086 0 0 0
-1 -1 0 0 0.000636511 0
1 1 0.00137393 0 0 0
1 1 0.00107008 0 0 0
-1 -1 0 0 0.00015346 0
-1 -1 0 0 0.000158935 0
-2 -2 0 0.000210712 0 0
-1 -1 0 0 0.000678177 0
-1 -1 0 0 0.00124801 0
1 1 0.000619142 0 0 0
1 1 0.00039002 0 0 0
-1 -1 0 0 0.00101216 0
1 1 0.000375179 0 0 0
-1 -1 0 0 0.000848726 0
1 1 0.00039002 0 0 0
-1 -1 0 0 0.000822114 0
1 1 0.00071711 0 0 0
1 1 0.000372915 0 0 0
-1 -1 0 0 0.000857838 0
-1 -1 0 0 0.00107269 0
1 1 0.000864438 0 0 0
-1 -1 0 0 0.000711016 0
1 1 0.000954352 0 0 0
1 1 0.000619743 0 0 0
-1 -1 0 0 0.000698385 0
1 1 0.000840243 0 0 0
1 1 0.000538285 0 0 0
1 1 0.000680937 0 0 0
1 1 0.000921735 0 0 0
1 1 0.000689927 0 0 0
1 1 0.000680937 0 0 0
1 1 0.00061204 0 0 0
1 1 0.000470872 0 0 0
-2 -2 0 0.000181063 0 0
1 1 0.000441415 0 0 0
-1 -1 0 0 0.000588481 0
-1 -1 0 0 0.000857838 0
1 1 0.000954352 0 0 0
-1 -1 0 0 0.00097656 0
-1 -1 0 0 0.00114068 0
-1 -1 0 0 0.00137084 0
1 1 0.00153962 0 0 0
1 1 0.00190673 0 0 0
1 1 0.000747958 0 0 0
1 1 0.000819932 0 0 0
-1 -1 0 0 0.00108303 0
-1 -1 0 0 0.0007567 0
1 1 0.000936413 0 0 0
1 1 0.000819932 0 0 0
-1 -1 0 0 0.00114068 0
1 1 0.00153962 0 0 0
1 1 0.00164056 0 0 0
1 1 0.00190673 0 0 0
-1 -1 0 0 0.000928683 0
1 1 0.000578844 0 0 0
1 1 0.000758726 0 0 0
1 1 0.000926797 0 0 0
1 1 0.000926797 0 0 0
1 1 0.00158288 0 0 0
1 1 0.00158288 0 0 0
1 1 0.000522909 0 0 0
-1 -1 0 0 0.000813553 0
1 1 0.000689927 0 0 0
-1 -1 0 0 0.000440783 0
-1 -1 0 0 0.000813553 0
1 1 0.000619791 0 0 0
1 1 0.00125361 0 0 0
1 1 0.00171099 0 0 0
1 1 0.00171099 0 0 0
-1 -1 0 0 0.00179997 0
-1 -1 0 0 0.000971562 0
-1 -1 0 0 0.00112188 0
1 1 0.000873359 0 0 0
1 1 0.00125361 0 0 0
1 1 0.000443579 0 0 0
1 1 0.00106757 0 0 0
1 1 0.00106757 0 0 0
1 1 0.00106034 0 0 0
-1 -1 0 0 0.00092088 0
-1 -1 0 0 0.00092088 0
1 1 0.00106034 0 0 0
1 1 0.00081985 0 0 0
1 1 0.000572295 0 0 0
1 1 0.000542142 0 0 0
1 1 0.00157213 0 0 0
-1 -1 0 0 0.00113658 0
1 1 0.00157213 0 0 0
1 1 0.00151466 0 0 0
1 1 0.00139088 0 0 0
-1 -1 0 0 0.000812299 0
1 1 0.00128148 0 0 0
1 1 0.00128148 0 0 0
-1 -1 0 0 0.00169531 0
-1 -1 0 0 0.00064025 0
1 1 0.00139088 0 0 0
-1 -1 0 0 0.00126242 0
1 1 0.0013065 0 0 0
-1 -1 0 0 0.00156779 0
1 1 0.000748002 0 0 0
-1 -1 0 0 0.000312481 0
1 1 0.000344196 0 0 0
1 1 0.000381733 0 0 0
-1 -1 0 0 0.00169531 0
1 1 0.00101192 0 0 0
-1 -1 0 0 0.00118407 0
1 1 0.0011519 0 0 0
1 1 0.00097518 0 0 0
1 1 0.000261809 0 0 0
-1 -1 0 0 0.000465603 0
-1 -1 0 0 0.00197105 0
1 1 0.00111548 0 0 0
-1 -1 0 0 0.00125974 0
-1 -1 0 0 0.00197105 0
1 1 0.00112179 0 0 0
1 1 0.00112179 0 0 0
1 1 0.000469002 0 0 0
-1 -1 0 0 0.000334999 0
-1 -1 0 0 0.00027918 0
1 1 0.00029306 0 0 0
1 1 0.000454911 0 0 0
1 1 0.000555322 0 0 0
1 1 0.000586372 0 0 0
1 1 0.000788745 0 0 0
1 1 0.000719143 0 0 0
1 1 0.000725788 0 0 0
1 1 0.000496232 0 0 0
1 1 0.000555322 0 0 0
-1 -1 0 0 0.000538961 0
-1 -1 0 0 0.00058824 0
1 1 0.000301737 0 0 0
-1 -1 0 0 0.000352549 0
-1 -1 0 0 0.00059317 0
1 1 0.000292288 0 0 0
-1 -1 0 0 0.000160513 0
1 1 0.000248553 0 0 0
-1 -1 0 0 0.000258652 0
1 1 0.00036029 0 0 0
1 1 0.00109674 0 0 0
1 1 0.000722299 0 0 0
-1 -1 0 0 0.000919274 0
-1 -1 0 0 0.000844101 0
-1 -1 0 0 0.00112108 0
1 1 0.000725788 0 0 0
1 1 0.000628867 0 0 0
-1 -1 0 0 0.000971386 0
1 1 0.00137393 0 0 0
-1 -1 0 0 0.00158216 0
1 1 0.000108368 0 0 0
1 1 0.000129871 0 0 0
2 2 0 0 0 0.000708456
1 1 0.00106595 0 0 0
-2 -2 0 0.000736757 0 0
1 1 0.00174337 0 0 0
1 1 0.00160157 0 0 0
-1 -1 0 0 0.00184529 0
-1 -1 0 0 0.000906112 0
1 1 0.00202159 0 0 0
-1 -1 0 0 0.00136814 0
-1 -1 0 0 0.00136814 0
1 1 0.000967407 0 0 0
-1 -1 0 0 0.00209533 0
-1 -1 0 0 0.00204785 0
-1 -1 0 0 0.00112417 0
2 2 0 0 0 0.00190677
-1 -1 0 0 0.00149038 0
-2 -2 0 0.000823038 0 0
1 1 0.00164888 0 0 0
-1 -1 0 0 0.0010412 0
2 2 0 0 0 0.000567953
-1 -1 0 0 0.00132988 0
1 1 0.00111042 0 0 0
-2 -2 0 0.000823038 0 0
1 1 0.00130346 0 0 0
-1 -1 0 0 0.00114842 0
1 1 0.00132078 0 0 0
-1 -1 0 0 0.00108519 0
1 1 0.000988247 0 0 0
1 1 0.00130346 0 0 0
-2 -2 0 0.000974911 0 0
2 2 0 0 0 0.000524523
-1 -1 0 0 0.00101281 0
-1 -1 0 0 0.000629568 0
-1 -1 0 0 0.000218758 0
1 1 0.000340664 0 0 0
-2 -2 0 0.00034161 0 0
2 2 0 0 0 0.000414909
1 1 0.000814839 0 0 0
1 1 0.000842012 0 0 0
1 1 0.00102264 0 0 0
-1 -1 0 0 0.00125061 0
1 1 0.000955485 0 0 0
1 1 0.00174337 0 0 0
1 1 0.00148802 0 0 0
1 1 0.00157582 0 0 0
1 1 0.00157582 0 0 0
1 1 0.00116223 0 0 0
1 1 0.00141238 0 0 0
-1 -1 0 0 0.00118049 0
-2 -2 0 0.000736757 0 0
2 2 0 0 0 0.000332131
-1 -1 0 0 0.000594665 0
-1 -1 0 0 0.000816651 0
1 1 0.00054755 0 0 0
2 2 0 0 0 0.00066689
1 1 0.00123105 0 0 0
1 1 0.00106529 0 0 0
1 1 0.00123105 0 0 0
-1 -1 0 0 0.000212133 0
1 1 0.000125551 0 0 0
1 1 0.000324461 0 0 0
-2 -2 0 0.000348856 0 0
1 1 0.000845106 0 0 0
1 1 0.000818139 0 0 0
-1 -1 0 0 0.00130863 0
-1 -1 0 0 0.00100792 0
1 1 0.00139478 0 0 0
1 1 0.00137545 0 0 0
1 1 0.000775719 0 0 0
1 1 0.00144473 0 0 0
1 1 0.00144473 0 0 0
1 1 0.000895639 0 0 0
-1 -1 0 0 0.000882135 0
2 2 0 0 0 0.000708456
1 1 0.00148802 0 0 0
1 1 0.00126235 0 0 0
1 1 0.00123178 0 0 0
-1 -1 0 0 0.000906112 0
1 1 0.00202159 0 0 0
-1 -1 0 0 0.000713904 0
-1 -1 0 0 0.000801191 0
-1 -1 0 0 0.00118049 0
1 1 0.000998052 0 0 0
-1 -1 0 0 0.00104463 0
-1 -1 0 0 0.000867195 0
-1 -1 0 0 0.000790311 0
-1 -1 0 0 0.00092652 0
-1 -1 0 0 0.00111876 0
-1 -1 0 0 0.000932615 0
1 1 0.00134069 0 0 0
2 2 0 0 0 0.00106843
1 1 0.00141238 0 0 0
1 1 0.00103148 0 0 0
-1 -1 0 0 0.000985323 0
-1 -1 0 0 0.00117422 0
1 1 0.000802779 0 0 0
-1 -1 0 0 0.000594665 0
2 2 0 0 0 0.000469063
-1 -1 0 0 0.000901984 0
1 1 0.000907604 0 0 0
1 1 0.00113104 0 0 0
-1 -1 0 0 0.00105911 0
-1 -1 0 0 0.00099233 0
-2 -2 0 0.000508725 0 0
1 1 0.000574583 0 0 0
2 2 0 0 0 0.000654319
1 1 0.000847774 0 0 0
-1 -1 0 0 0.00105911 0
-2 -2 0 0.000664959 0 0
-1 -1 0 0 0.000749055 0
-1 -1 0 0 0.000682193 0
-1 -1 0 0 0.00156632 0
-1 -1 0 0 0.00134388 0
-1 -1 0 0 0.00134388 0
-1 -1 0 0 0.0014343 0
1 1 0.000605069 0 0 0
1 1 0.000907421 0 0 0
2 2 0 0 0 0.000548192
-2 -2 0 0.000799608 0 0
-1 -1 0 0 0.00110141 0
-1 -1 0 0 0.00110141 0
-1 -1 0 0 0.000513575 0
1 1 0.000226446 0 0 0
1 1 0.000446764 0 0 0
1 1 0.00050626 0 0 0
-1 -1 0 0 0.00102108 0
1 1 0.000434871 0 0 0
-2 -2 0 0.000333502 0 0
1 1 0.000438906 0 0 0
2 2 0 0 0 0.000332131
1 1 0.000495845 0 0 0
-1 -1 0 0 0.000712045 0
1 1 0.000907421 0 0 0
1 1 0.00164172 0 0 0
-1 -1 0 0 0.00104489 0
1 1 0.00166667 0 0 0
-1 -1 0 0 0.00223351 0
1 1 0.000817631 0 0 0
-1 -1 0 0 0.000844094 0
-1 -1 0 0 0.00112417 0
2 2 0 0 0 0.00190677
1 1 0.00108432 0 0 0
-1 -1 0 0 0.00127151 0
1 1 0.00137367 0 0 0
-1 -1 0 0 0.00222998 0
-1 -1 0 0 0.00184903 0
1 1 0.00137367 0 0 0
-1 -1 0 0 0.00108519 0
-1 -1 0 0 0.00103496 0
1 1 0.00166667 0 0 0
-2 -2 0 0.000974911 0 0
1 1 0.00132078 0 0 0
-1 -1 0 0 0.00109089 0
-1 -1 0 0 0.00096461 0
2 2 0 0 0 0.000548192
-2 -2 0 0.000638943 0 0
-1 -1 0 0 0.0014343 0
1 1 0.000788035 0 0 0
-1 -1 0 0 0.000895153 0
2 2 0 0 0 0.000630437
-1 -1 0 0 0.0013867 0
2 2 0 0 0 0.000858404
1 1 0.00137545 0 0 0
-1 -1 0 0 0.000790311 0
1 1 0.000895639 0 0 0
1 1 0.000998052 0 0 0
1 1 0.00131451 0 0 0
1 1 0.00118882 0 0 0
1 1 0.00123177 0 0 0
1 1 0.00120533 0 0 0
1 1 0.000958284 0 0 0
1 1 0.000603379 0 0 0
1 1 0.000609607 0 0 0
-2 -2 0 0.000664959 0 0
-2 -2 0 0.00072621 0 0
-1 -1 0 0 0.00099233 0
1 1 0.00134069 0 0 0
1 1 0.000802779 0 0 0
1 1 0.000574583 0 0 0
1 1 0.00113104 0 0 0
-1 -1 0 0 0.000816651 0
-1 -1 0 0 0.000797931 0
1 1 0.00123177 0 0 0
1 1 0.000958284 0 0 0
1 1 0.000603379 0 0 0
2 2 0 0 0 0.000654319
-2 -2 0 0.000509844 0 0
-1 -1 0 0 0.0012088 0
1 1 0.0010074 0 0 0
-2 -2 0 0.000619434 0 0
-1 -1 0 0 0.00209533 0
-1 -1 0 0 0.00204785 0
-1 -1 0 0 0.0013867 0
1 1 0.00139478 0 0 0
1 1 0.000899861 0 0 0
1 1 0.00129139 0 0 0
1 1 0.00104124 0 0 0
-1 -1 0 0 0.00184658 0
1 1 0.00183064 0 0 0
1 1 0.00183064 0 0 0
1 1 0.00117719 0 0 0
1 1 0.0011192 0 0 0
-1 -1 0 0 0.000667492 0
-2 -2 0 0.00072621 0 0
-1 -1 0 0 0.00095548 0
2 2 0 0 0 0.00106843
1 1 0.000775719 0 0 0
1 1 0.000797954 0 0 0
1 1 0.000735186 0 0 0
-2 -2 0 0.00059916 0 0
1 1 0.000728688 0 0 0
-1 -1 0 0 0.000895153 0
1 1 0.000765555 0 0 0
-1 -1 0 0 0.000400106 0
1 1 0.000261796 0 0 0
2 2 0 0 0 0.000270994
2 2 0 0 0 0.000301648
-1 -1 0 0 0.000571871 0
2 2 0 0 0 0.000448922
1 1 0.000591741 0 0 0
-1 -1 0 0 0.000586827 0
-2 -2 0 0.000478574 0 0
2 2 0 0 0 0.000530108
1 1 0.000739294 0 0 0
2 2 0 0 0 0.000555069
1 1 0.00104512 0 0 0
-1 -1 0 0 0.000698694 0
1 1 0.00089555 0 0 0
-1 -1 0 0 0.000818094 0
1 1 0.00127539 0 0 0
1 1 0.00127539 0 0 0
-1 -1 0 0 0.000879356 0
-1 -1 0 0 0.000964789 0
-2 -2 0 0.000281561 0 0
-1 -1 0 0 0.00120685 0
1 1 0.00118492 0 0 0
1 1 0.000886161 0 0 0
-1 -1 0 0 0.0013986 0
1 1 0.00118492 0 0 0
-1 -1 0 0 0.00111084 0
-1 -1 0 0 0.000965819 0
-1 -1 0 0 0.00111084 0
1 1 0.000875877 0 0 0
-1 -1 0 0 0.00153596 0
-1 -1 0 0 0.000825535 0
1 1 0.000534841 0 0 0
-1 -1 0 0 0.00126704 0
1 1 0.00123557 0 0 0
1 1 0.00123557 0 0 0
-1 -1 0 0 0.00131886 0
-1 -1 0 0 0.00131886 0
1 1 0.00118433 0 0 0
-1 -1 0 0 0.00105389 0
1 1 0.00118433 0 0 0
1 1 0.00075245 0 0 0
1 1 0.000502354 0 0 0
-2 -2 0 0.000336229 0 0
-1 -1 0 0 0.000571871 0
2 2 0 0 0 0.000530108
1 1 0.00075245 0 0 0
1 1 0.000487711 0 0 0
-1 -1 0 0 0.00056469 0
2 2 0 0 0 0.000555069
-1 -1 0 0 0.000829462 0
-1 -1 0 0 0.00111872 0
2 2 0 0 0 0.000322888
-1 -1 0 0 0.000984622 0
-1 -1 0 0 0.000763878 0
1 1 0.0008548 0 0 0
1 1 0.00101603 0 0 0
1 1 0.00211249 0 0 0
1 1 0.00204269 0 0 0
1 1 0.00159625 0 0 0
1 1 0.00151512 0 0 0
1 1 0.00043325 0 0 0
-1 -1 0 0 0.00107671 0
-1 -1 0 0 0.00106733 0
1 1 0.00145532 0 0 0
1 1 0.00154803 0 0 0
1 1 0.00182395 0 0 0
-2 -2 0 0.000299805 0 0
1 1 0.000815815 0 0 0
-1 -1 0 0 0.00104806 0
1 1 0.0008392 0 0 0
-1 -1 0 0 0.000852383 0
-1 -1 0 0 0.0011546 0
1 1 0.0008392 0 0 0
1 1 0.000521525 0 0 0
-1 -1 0 0 0.000613728 0
1 1 0.000672796 0 0 0
2 2 0 0 0 0.000697398
-1 -1 0 0 0.000688482 0
1 1 0.000723853 0 0 0
-2 -2 0 0.000991345 0 0
1 1 0.00131597 0 0 0
1 1 0.00112008 0 0 0
1 1 0.00114957 0 0 0
1 1 0.000967474 0 0 0
2 2 0 0 0 0.000724439
-2 -2 0 0.000807701 0 0
-2 -2 0 0.000791555 0 0
1 1 0.00152149 0 0 0
-1 -1 0 0 0.00146473 0
-1 -1 0 0 0.00172758 0
-1 -1 0 0 0.00125356 0
1 1 0.000745826 0 0 0
1 1 0.000716592 0 0 0
1 1 0.000461047 0 0 0
-1 -1 0 0 0.000492616 0
-1 -1 0 0 0.000486556 0
2 2 0 0 0 0.000772295
-1 -1 0 0 0.00106244 0
1 1 0.000520647 0 0 0
-1 -1 0 0 0.00037959 0
-1 -1 0 0 0.000613728 0
2 2 0 0 0 0.000522519
2 2 0 0 0 0.000664919
-1 -1 0 0 0.00155977 0
-1 -1 0 0 0.00195447 0
1 1 0.00135974 0 0 0
1 1 0.00142343 0 0 0
-1 -1 0 0 0.00148244 0
1 1 0.00129359 0 0 0
1 1 0.00189903 0 0 0
1 1 0.0010502 0 0 0
1 1 0.00103434 0 0 0
-1 -1 0 0 0.00108577 0
-1 -1 0 0 0.00107357 0
-1 -1 0 0 0.000951733 0
1 1 0.000829192 0 0 0
-1 -1 0 0 0.00102915 0
-1 -1 0 0 0.000681219 0
1 1 0.000683707 0 0 0
1 1 0.000672796 0 0 0
2 2 0 0 0 0.000599967
2 2 0 0 0 0.000697398
-2 -2 0 0.000549771 0 0
1 1 0.000834991 0 0 0
1 1 0.0005538 0 0 0
1 1 0.000831837 0 0 0
-2 -2 0 0.000789127 0 0
1 1 0.000867463 0 0 0
1 1 0.00028379 0 0 0
-1 -1 0 0 0.00041281 0
1 1 0.000417498 0 0 0
2 2 0 0 0 0.000662791
-1 -1 0 0 0.0012654 0
1 1 0.000980024 0 0 0
1 1 0.00111411 0 0 0
2 2 0 0 0 0.000662791
-1 -1 0 0 0.00107448 0
1 1 0.00106595 0 0 0
-2 -2 0 0.000736757 0 0
1 1 0.00174337 0 0 0
1 1 0.00160157 0 0 0
-1 -1 0 0 0.00184529 0
-1 -1 0 0 0.000906112 0
1 1 0.00202159 0 0 0
-1 -1 0 0 0.00136814 0
-1 -1 0 0 0.00136814 0
1 1 0.000967407 0 0 0
-1 -1 0 0 0.00209533 0
-1 -1 0 0 0.00204785 0
-1 -1 0 0 0.00112417 0
2 2 0 0 0 0.00190677
-1 -1 0 0 0.00149038 0
-2 -2 0 0.000823038 0 0
1 1 0.00164888 0 0 0
-1 -1 0 0 0.0010412 0
2 2 0 0 0 0.000567953
-1 -1 0 0 0.00132988 0
1 1 0.00111042 0 0 0
-2 -2 0 0.000823038 0 0
1 1 0.00130346 0 0 0
-1 -1 0 0 0.00114842 0
1 1 0.00132078 0 0 0
-1 -1 0 0 0.00108519 0
1 1 0.000988247 0 0 0
1 1 0.00130346 0 0 0
-2 -2 0 0.000974911 0 0
2 2 0 0 0 0.000524523
-1 -1 0 0 0.00101281 0
-1 -1 0 0 0.000629568 0
-1 -1 0 0 0.000218758 0
1 1 0.000340664 0 0 0
-2 -2 0 0.00034161 0 0
2 2 0 0 0 0.000414909
1 1 0.000814839 0 0 0
1 1 0.000842012 0 0 0
1 1 0.00102264 0 0 0
-1 -1 0 0 0.00125061 0
1 1 0.000955485 0 0 0
1 1 0.00174337 0 0 0
1 1 0.00148802 0 0 0
1 1 0.00157582 0 0 0
1 1 0.00157582 0 0 0
1 1 0.00116223 0 0 0
1 1 0.00141238 0 0 0
-1 -1 0 0 0.00118049 0
-2 -2 0 0.000736757 0 0
2 2 0 0 0 0.000332131
-1 -1 0 0 0.000594665 0
-1 -1 0 0 0.000816651 0
1 1 0.00054755 0 0 0
2 2 0 0 0 0.00066689
1 1 0.00123105 0 0 0
1 1 0.00106529 0 0 0
1 1 0.00123105 0 0 0
-1 -1 0 0 0.000212133 0
1 1 0.000125551 0 0 0
1 1 0.000324461 0 0 0
-2 -2 0 0.000348856 0 0
1 1 0.000845106 0 0 0
1 1 0.000818139 0 0 0
-1 -1 0 0 0.00130863 0
-1 -1 0 0 0.00100792 0
1 1 0.00139478 0 0 0
1 1 0.00137545 0 0 0
1 1 0.000775719 0 0 0
1 1 0.00144473 0 0 0
1 1 0.00144473 0 0 0
1 1 0.000895639 0 0 0
-1 -1 0 0 0.000882135 0
2 2 0 0 0 0.000708456
1 1 0.00148802 0 0 0
1 1 0.00126235 0 0 0
1 1 0.00123178 0 0 0
-1 -1 0 0 0.000906112 0
1 1 0.00202159 0 0 0
-1 -1 0 0 0.000713904 0
-1 -1 0 0 0.000801191 0
-1 -1 0 0 0.00118049 0
1 1 0.000998052 0 0 0
-1 -1 0 0 0.00104463 0
-1 -1 0 0 0.000867195 0
-1 -1 0 0 0.000790311 0
-1 -1 0 0 0.00092652 0
-1 -1 0 0 0.00111876 0
-1 -1 0 0 0.000932615 0
1 1 0.00134069 0 0 0
2 2 0 0 0 0.00106843
1 1 0.00141238 0 0 0
1 1 0.00103148 0 0 0
-1 -1 0 0 0.000985323 0
-1 -1 0 0 0.00117422 0
1 1 0.000802779 0 0 0
-1 -1 0 0 0.000594665 0
2 2 0 0 0 0.000469063
-1 -1 0 0 0.000901984 0
1 1 0.000907604 0 0 0
1 1 0.00113104 0 0 0
-1 -1 0 0 0.00105911 0
-1 -1 0 0 0.00099233 0
-2 -2 0 0.000508725 0 0
1 1 0.000574583 0 0 0
2 2 0 0 0 0.000654319
1 1 0.000847774 0 0 0
-1 -1 0 0 0.00105911 0
-2 -2 0 0.000664959 0 0
-1 -1 0 0 0.000749055 0
-1 -1 0 0 0.000682193 0
-1 -1 0 0 0.00156632 0
-1 -1 0 0 0.00134388 0
-1 -1 0 0 0.00134388 0
-1 -1 0 0 0.0014343 0
1 1 0.000605069 0 0 0
1 1 0.000907421 0 0 0
2 2 0 0 0 0.000548192
-2 -2 0 0.000799608 0 0
-1 -1 0 0 0.00110141 0
-1 -1 0 0 0.00110141 0
-1 -1 0 0 0.000513575 0
1 1 0.000226446 0 0 0
1 1 0.000446764 0 0 0
1 1 0.00050626 0 0 0
-1 -1 0 0 0.00102108 0
1 1 0.000434871 0 0 0
-2 -2 0 0.000333502 0 0
1 1 0.000438906 0 0 0
2 2 0 0 0 0.000332131
1 1 0.000495845 0 0 0
-1 -1 0 0 0.000712045 0
1 1 0.000907421 0 0 0
1 1 0.00164172 0 0 0
-1 -1 0 0 0.00104489 0
1 1 0.00166667 0 0 0
-1 -1 0 0 0.00223351 0
1 1 0.000817631 0 0 0
-1 -1 0 0 0.000844094 0
-1 -1 0 0 0.00112417 0
2 2 0 0 0 0.00190677
1 1 0.00108432 0 0 0
-1 -1 0 0 0.00127151 0
1 1 0.00137367 0 0 0
-1 -1 0 0 0.00222998 0
-1 -1 0 0 0.00184903 0
1 1 0.00137367 0 0 0
-1 -1 0 0 0.00108519 0
-1 -1 0 0 0.00103496 0
1 1 0.00166667 0 0 0
-2 -2 0 0.000974911 0 0
1 1 0.00132078 0 0 0
-1 -1 0 0 0.00109089 0
-1 -1 0 0 0.00096461 0
2 2 0 0 0 0.000548192
-2 -2 0 0.000638943 0 0
-1 -1 0 0 0.0014343 0
1 1 0.000788035 0 0 0
-1 -1 0 0 0.000895153 0
2 2 0 0 0 0.000630437
-1 -1 0 0 0.0013867 0
2 2 0 0 0 0.000858404
1 1 0.00137545 0 0 0
-1 -1 0 0 0.000790311 0
1 1 0.000895639 0 0 0
1 1 0.000998052 0 0 0
1 1 0.00131451 0 0 0
1 1 0.00118882 0 0 0
1 1 0.00123177 0 0 0
1 1 0.00120533 0 0 0
1 1 0.000958284 0 0 0
1 1 0.000603379 0 0 0
1 1 0.000609607 0 0 0
-2 -2 0 0.000664959 0 0
-2 -2 0 0.00072621 0 0
-1 -1 0 0 0.00099233 0
1 1 0.00134069 0 0 0
1 1 0.000802779 0 0 0
1 1 0.000574583 0 0 0
1 1 0.00113104 0 0 0
-1 -1 0 0 0.000816651 0
-1 -1 0 0 0.000797931 0
1 1 0.00123177 0 0 0
1 1 0.000958284 0 0 0
1 1 0.000603379 0 0 0
2 2 0 0 0 0.000654319
-2 -2 0 0.000509844 0 0
-1 -1 0 0 0.0012088 0
1 1 0.0010074 0 0 0
-2 -2 0 0.000619434 0 0
-1 -1 0 0 0.00209533 0
-1 -1 0 0 0.00204785 0
-1 -1 0 0 0.0013867 0
1 1 0.00139478 0 0 0
1 1 0.000899861 0 0 0
1 1 0.00129139 0 0 0
1 1 0.00104124 0 0 0
-1 -1 0 0 0.00184658 0
1 1 0.00183064 0 0 0
1 1 0.00183064 0 0 0
1 1 0.00117719 0 0 0
1 1 0.0011192 0 0 0
-1 -1 0 0 0.000667492 0
-2 -2 0 0.00072621 0 0
-1 -1 0 0 0.00095548 0
2 2 0 0 0 0.00106843
1 1 0.000775719 0 0 0
1 1 0.000797954 0 0 0
1 1 0.000735186 0 0 0
-2 -2 0 0.00059916 0 0
1 1 0.000728688 0 0 0
-1 -1 0 0 0.000895153 0
1 1 0.000765555 0 0 0
-1 -1 0 0 0.000400106 0
1 1 0.000261796 0 0 0
2 2 0 0 0 0.000270994
2 2 0 0 0 0.000301648
-1 -1 0 0 0.000571871 0
2 2 0 0 0 0.000448922
1 1 0.000591741 0 0 0
-1 -1 0 0 0.000586827 0
-2 -2 0 0.000478574 0 0
2 2 0 0 0 0.000530108
1 1 0.000739294 0 0 0
2 2 0 0 0 0.000555069
1 1 0.00104512 0 0 0
-1 -1 0 0 0.000698694 0
1 1 0.00089555 0 0 0
-1 -1 0 0 0.000818094 0
1 1 0.00127539 0 0 0
1 1 0.00127539 0 0 0
-1 -1 0 0 0.000879356 0
-1 -1 0 0 0.000964789 0
-2 -2 0 0.000281561 0 0
-1 -1 0 0 0.00120685 0
1 1 0.00118492 0 0 0
1 1 0.000886161 0 0 0
-1 -1 0 0 0.0013986 0
1 1 0.00118492 0 0 0
-1 -1 0 0 0.00111084 0
-1 -1 0 0 0.000965819 0
-1 -1 0 0 0.00111084 0
1 1 0.000875877 0 0 0
-1 -1 0 0 0.00153596 0
-1 -1 0 0 0.000825535 0
1 1 0.000534841 0 0 0
-1 -1 0 0 0.00126704 0
1 1 0.00123557 0 0 0
1 1 0.00123557 0 0 0
-1 -1 0 0 0.00131886 0
-1 -1 0 0 0.00131886 0
1 1 0.00118433 0 0 0
-1 -1 0 0 0.00105389 0
1 1 0.00118433 0 0 0
1 1 0.00075245 0 0 0
1 1 0.000502354 0 0 0
-2 -2 0 0.000336229 0 0
-1 -1 0 0 0.000571871 0
2 2 0 0 0 0.000530108
1 1 0.00075245 0 0 0
1 1 0.000487711 0 0 0
-1 -1 0 0 0.00056469 0
2 2 0 0 0 0.000555069
-1 -1 0 0 0.000829462 0
-1 -1 0 0 0.00111872 0
2 2 0 0 0 0.000322888
-1 -1 0 0 0.000984622 0
-1 -1 0 0 0.000763878 0
1 1 0.0008548 0 0 0
1 1 0.00101603 0 0 0
1 1 0.00211249 0 0 0
1 1 0.00204269 0 0 0
1 1 0.00159625 0 0 0
1 1 0.00151512 0 0 0
1 1 0.00043325 0 0 0
-1 -1 0 0 0.00107671 0
-1 -1 0 0 0.00106733 0
1 1 0.00145532 0 0 0
1 1 0.00154803 0 0 0
1 1 0.00182395 0 0 0
-2 -2 0 0.000299805 0 0
1 1 0.000815815 0 0 0
-1 -1 0 0 0.00104806 0
1 1 0.0008392 0 0 0
-1 -1 0 0 0.000852383 0
-1 -1 0 0 0.0011546 0
1 1 0.0008392 0 0 0
1 1 0.000521525 0 0 0
-1 -1 0 0 0.000613728 0
1 1 0.000672796 0 0 0
2 2 0 0 0 0.000697398
-1 -1 0 0 0.000688482 0
1 1 0.000723853 0 0 0
-2 -2 0 0.000991345 0 0
1 1 0.00131597 0 0 0
1 1 0.00112008 0 0 0
1 1 0.00114957 0 0 0
1 1 0.000967474 0 0 0
2 2 0 0 0 0.000724439
-2 -2 0 0.000807701 0 0
-2 -2 0 0.000791555 0 0
1 1 0.00152149 0 0 0
-1 -1 0 0 0.00146473 0
-1 -1 0 0 0.00172758 0
-1 -1 0 0 0.00125356 0
1 1 0.000745826 0 0 0
1 1 0.000716592 0 0 0
1 1 0.000461047 0 0 0
-1 -1 0 0 0.000492616 0
-1 -1 0 0 0.000486556 0
2 2 0 0 0 0.000772295
-1 -1 0 0 0.00106244 0
1 1 0.000520647 0 0 0
-1 -1 0 0 0.00037959 0
-1 -1 0 0 0.000613728 0
2 2 0 0 0 0.000522519
2 2 0 0 0 0.000664919
-1 -1 0 0 0.00155977 0
-1 -1 0 0 0.00195447 0
1 1 0.00135974 0 0 0
1 1 0.00142343 0 0 0
-1 -1 0 0 0.00148244 0
1 1 0.00129359 0 0 0
1 1 0.00189903 0 0 0
1 1 0.0010502 0 0 0
1 1 0.00103434 0 0 0
-1 -1 0 0 0.00108577 0
-1 -1 0 0 0.00107357 0
-1 -1 0 0 0.000951733 0
1 1 0.000829192 0 0 0
-1 -1 0 0 0.00102915 0
-1 -1 0 0 0.000681219 0
1 1 0.000683707 0 0 0
1 1 0.000672796 0 0 0
2 2 0 0 0 0.000599967
2 2 0 0 0 0.000697398
-2 -2 0 0.000549771 0 0
1 1 0.000834991 0 0 0
1 1 0.0005538 0 0 0
1 1 0.000831837 0 0 0
-2 -2 0 0.000789127 0 0
1 1 0.000867463 0 0 0
1 1 0.00028379 0 0 0
-1 -1 0 0 0.00041281 0
1 1 0.000417498 0 0 0
2 2 0 0 0 0.000662791
-1 -1 0 0 0.0012654 0
1 1 0.000980024 0 0 0
1 1 0.00111411 0 0 0
2 2 0 0 0 0.000662791
-1 -1 0 0 0.00107448 0
-2 -2 0 0.000565856 0 0
1 1 0.00114712 0 0 0
1 1 0.000847797 0 0 0
1 1 0.00180342 0 0 0
1 1 0.000662667 0 0 0
-1 -1 0 0 0.00148141 0
-1 -1 0 0 0.00114088 0
-1 -1 0 0 0.00125356 0
1 1 0.00180342 0 0 0
1 1 0.000840333 0 0 0
-1 -1 0 0 0.0012873 0
-1 -1 0 0 0.000814471 0
1 1 0.00110968 0 0 0
1 1 0.00110968 0 0 0
-1 -1 0 0 0.00148443 0
1 1 0.000390996 0 0 0
-2 -2 0 0.000327824 0 0
1 1 0.000417498 0 0 0
2 2 0 0 0 0.000503752
1 1 0.000310173 0 0 0
1 1 0.000169859 0 0 0
-1 -1 0 0 0.000187456 0
2 2 0 0 0 0.000190039
2 2 0 0 0 0.000235256
-1 -1 0 0 0.000739077 0
-1 -1 0 0 0.000752946 0
1 1 0.000514942 0 0 0
1 1 0.000514942 0 0 0
-1 -1 0 0 0.000811797 0
-1 -1 0 0 0.000811797 0
-1 -1 0 0 0.00087238 0
-1 -1 0 0 0.000970461 0
-1 -1 0 0 0.00173661 0
-1 -1 0 0 0.00173661 0
-1 -1 0 0 0.000777321 0
-1 -1 0 0 0.000993628 0
1 1 0.000559783 0 0 0
-1 -1 0 0 0.00131671 0
-1 -1 0 0 0.00131671 0
-1 -1 0 0 0.00148141 0
1 1 0.00064206 0 0 0
-1 -1 0 0 0.0013619 0
1 1 0.000980024 0 0 0
1 1 0.00101679 0 0 0
1 1 0.00143069 0 0 0
-1 -1 0 0 0.00100817 0
1 1 0.00143069 0 0 0
-1 -1 0 0 0.000989394 0
1 1 0.00094942 0 0 0
-1 -1 0 0 0.00160487 0
-1 -1 0 0 0.00146855 0
-1 -1 0 0 0.00184334 0
1 1 0.0013691 0 0 0
1 1 0.00142343 0 0 0
-1 -1 0 0 0.00157029 0
2 2 0 0 0 0.000436309
-1 -1 0 0 0.00064959 0
-1 -1 0 0 0.000574998 0
-2 -2 0 0.000553057 0 0
-1 -1 0 0 0.0011546 0
1 1 0.00200075 0 0 0
1 1 0.00200075 0 0 0
1 1 0.00274361 0 0 0
1 1 0.00205037 0 0 0
1 1 0.000829192 0 0 0
1 1 0.00116729 0 0 0
1 1 0.00112324 0 0 0
1 1 0.00111936 0 0 0
1 1 0.00135974 0 0 0
1 1 0.00189903 0 0 0
1 1 0.00131503 0 0 0
-1 -1 0 0 0.000679832 0
1 1 0.000305112 0 0 0
1 1 0.00063756 0 0 0
1 1 0.000572118 0 0 0
-2 -2 0 0.000516265 0 0
1 1 0.000449494 0 0 0
2 2 0 0 0 0.000367579
2 2 0 0 0 0.000452253
2 2 0 0 0 0.000452253
-2 -2 0 0.000302131 0 0
-1 -1 0 0 0.000365594 0
-2 -2 0 0.000807701 0 0
-1 -1 0 0 0.00108577 0
1 1 0.0014067 0 0 0
-1 -1 0 0 0.00177703 0
1 1 0.00197966 0 0 0
1 1 0.000799801 0 0 0
-1 -1 0 0 0.00179579 0
-1 -1 0 0 0.00152911 0
1 1 0.000967474 0 0 0
1 1 0.00197966 0 0 0
-1 -1 0 0 0.00205059 0
-1 -1 0 0 0.000670856 0
-1 -1 0 0 0.00095845 0
-2 -2 0 0.000497457 0 0
1 1 0.00119043 0 0 0
-2 -2 0 0.000466024 0 0
1 1 0.00156316 0 0 0
1 1 0.00236636 0 0 0
1 1 0.0010279 0 0 0
-1 -1 0 0 0.00163505 0
-1 -1 0 0 0.00150497 0
1 1 0.00236636 0 0 0
1 1 0.000874793 0 0 0
-1 -1 0 0 0.00190004 0
-1 -1 0 0 0.00109822 0
1 1 0.00119043 0 0 0
1 1 0.00144789 0 0 0
1 1 0.000251941 0 0 0
-1 -1 0 0 0.00067427 0
1 1 0.00141147 0 0 0
1 1 0.00130312 0 0 0
1 1 0.000665191 0 0 0
-1 -1 0 0 0.00120917 0
1 1 0.00154803 0 0 0
-1 -1 0 0 0.00152157 0
-1 -1 0 0 0.00220773 0
1 1 0.00160624 0 0 0
-1 -1 0 0 0.00130064 0
-1 -1 0 0 0.00158391 0
-1 -1 0 0 0.00126292 0
1 1 0.000728296 0 0 0
-1 -1 0 0 0.000833758 0
2 2 0 0 0 0.00094307
1 1 0.00274361 0 0 0
-1 -1 0 0 0.00151014 0
-1 -1 0 0 0.00277824 0
1 1 0.00278673 0 0 0
1 1 0.00302159 0 0 0
1 1 0.00302159 0 0 0
1 1 0.00268154 0 0 0
1 1 0.00153689 0 0 0
1 1 0.0014067 0 0 0
-2 -2 0 0.000524577 0 0
1 1 0.00114957 0 0 0
1 1 0.00102176 0 0 0
1 1 0.0013691 0 0 0
1 1 0.00117801 0 0 0
-1 -1 0 0 0.00133613 0
1 1 0.00171601 0 0 0
1 1 0.0010502 0 0 0
1 1 0.00119344 0 0 0
-1 -1 0 0 0.00195447 0
1 1 0.00119344 0 0 0
-1 -1 0 0 0.00106927 0
1 1 0.000831837 0 0 0
-1 -1 0 0 0.000954246 0
-2 -2 0 0.000675997 0 0
-2 -2 0 0.000991345 0 0
1 1 0.00124259 0 0 0
-1 -1 0 0 0.00151014 0
-1 -1 0 0 0.00175677 0
1 1 0.00141205 0 0 0
-1 -1 0 0 0.00124283 0
1 1 0.000943427 0 0 0
1 1 0.00141167 0 0 0
-1 -1 0 0 0.00205796 0
2 2 0 0 0 0.00094307
1 1 0.00153689 0 0 0
-1 -1 0 0 0.000930181 0
-1 -1 0 0 0.000305133 0
1 1 0.000481634 0 0 0
2 2 0 0 0 0.000284608
-2 -2 0 0.000368912 0 0
-1 -1 0 0 0.000821694 0
1 1 0.000716592 0 0 0
-1 -1 0 0 0.000984622 0
-1 -1 0 0 0.000829462 0
-1 -1 0 0 0.00111872 0
1 1 0.00211249 0 0 0
1 1 0.00204269 0 0 0
1 1 0.00184589 0 0 0
1 1 0.00145755 0 0 0
1 1 0.00150654 0 0 0
1 1 0.00141147 0 0 0
1 1 0.00182395 0 0 0
1 1 0.00160624 0 0 0
-1 -1 0 0 0.00144836 0
1 1 0.000815815 0 0 0
1 1 0.000785529 0 0 0
2 2 0 0 0 0.000820909
-2 -2 0 0.000579547 0 0
-1 -1 0 0 0.000889705 0
-1 -1 0 0 0.000599173 0
-1 -1 0 0 0.00107671 0
1 1 0.000785529 0 0 0
2 2 0 0 0 0.000820909
1 1 0.00109155 0 0 0
-1 -1 0 0 0.00125356 0
-1 -1 0 0 0.00128571 0
1 1 0.00106595 0 0 0
-2 -2 0 0.000736757 0 0
1 1 0.00174337 0 0 0
1 1 0.00160157 0 0 0
-1 -1 0 0 0.00184529 0
-1 -1 0 0 0.0011684 0
1 1 0.00202159 0 0 0
-1 -1 0 0 0.0030508 0
-1 -1 0 0 0.0016202 0
1 1 0.000967407 0 0 0
-1 -1 0 0 0.00209533 0
-1 -1 0 0 0.00204785 0
-1 -1 0 0 0.00112417 0
2 2 0 0 0 0.00190677
-1 -1 0 0 0.00149038 0
-2 -2 0 0.000823038 0 0
1 1 0.00164888 0 0 0
-1 -1 0 0 0.0010412 0
2 2 0 0 0 0.000567953
-1 -1 0 0 0.00132988 0
1 1 0.00111042 0 0 0
-2 -2 0 0.000823038 0 0
1 1 0.00130346 0 0 0
-1 -1 0 0 0.00114842 0
1 1 0.00132078 0 0 0
-1 -1 0 0 0.00108519 0
1 1 0.000988247 0 0 0
1 1 0.00130346 0 0 0
-2 -2 0 0.000974911 0 0
2 2 0 0 0 0.000524523
-1 -1 0 0 0.00101281 0
-1 -1 0 0 0.000663167 0
-1 -1 0 0 0.000178689 0
1 1 0.000340664 0 0 0
-2 -2 0 0.00034161 0 0
2 2 0 0 0 0.000414909
1 1 0.000814839 0 0 0
1 1 0.000842012 0 0 0
1 1 0.00102264 0 0 0
-1 -1 0 0 0.00125061 0
1 1 0.000955485 0 0 0
1 1 0.00174337 0 0 0
1 1 0.00148802 0 0 0
1 1 0.00157582 0 0 0
1 1 0.00157582 0 0 0
1 1 0.00116223 0 0 0
1 1 0.00141238 0 0 0
-1 -1 0 0 0.00118049 0
-2 -2 0 0.000736757 0 0
2 2 0 0 0 0.000332131
-1 -1 0 0 0.000594665 0
-1 -1 0 0 0.000816651 0
1 1 0.00054755 0 0 0
2 2 0 0 0 0.00066689
1 1 0.00123105 0 0 0
1 1 0.00106529 0 0 0
1 1 0.00123105 0 0 0
-1 -1 0 0 0.000212133 0
1 1 0.000125551 0 0 0
1 1 0.000324461 0 0 0
-2 -2 0 0.000348856 0 0
1 1 0.000845106 0 0 0
1 1 0.000818139 0 0 0
-1 -1 0 0 0.00130863 0
-1 -1 0 0 0.00100792 0
1 1 0.00139478 0 0 0
1 1 0.00137545 0 0 0
1 1 0.000775719 0 0 0
1 1 0.00144473 0 0 0
1 1 0.00144473 0 0 0
1 1 0.000895639 0 0 0
-1 -1 0 0 0.000867789 0
2 2 0 0 0 0.000708456
1 1 0.00148802 0 0 0
1 1 0.00126235 0 0 0
1 1 0.00123178 0 0 0
-1 -1 0 0 0.000906112 0
1 1 0.00202159 0 0 0
-1 -1 0 0 0.000910516 0
-1 -1 0 0 0.000801191 0
-1 -1 0 0 0.00118049 0
1 1 0.000998052 0 0 0
-1 -1 0 0 0.00104463 0
-1 -1 0 0 0.0015592 0
-1 -1 0 0 0.000790311 0
-1 -1 0 0 0.000883095 0
-1 -1 0 0 0.00111876 0
-1 -1 0 0 0.000932615 0
1 1 0.00134069 0 0 0
2 2 0 0 0 0.00106843
1 1 0.00141238 0 0 0
1 1 0.00103148 0 0 0
-1 -1 0 0 0.00123102 0
-1 -1 0 0 0.00117422 0
1 1 0.000802779 0 0 0
-1 -1 0 0 0.000833096 0
2 2 0 0 0 0.000469063
-1 -1 0 0 0.00142865 0
1 1 0.000907604 0 0 0
1 1 0.00113104 0 0 0
-1 -1 0 0 0.00105911 0
-1 -1 0 0 0.00099233 0
-2 -2 0 0.000508725 0 0
1 1 0.000574583 0 0 0
2 2 0 0 0 0.000654319
1 1 0.000847774 0 0 0
-1 -1 0 0 0.00105911 0
-2 -2 0 0.000664959 0 0
-1 -1 0 0 0.000749055 0
-1 -1 0 0 0.000682193 0
-1 -1 0 0 0.00156632 0
-1 -1 0 0 0.00134388 0
-1 -1 0 0 0.00134388 0
-1 -1 0 0 0.0014343 0
1 1 0.000605069 0 0 0
1 1 0.000907421 0 0 0
2 2 0 0 0 0.000548192
-2 -2 0 0.000799608 0 0
-1 -1 0 0 0.00110141 0
-1 -1 0 0 0.00110141 0
-1 -1 0 0 0.000513575 0
1 1 0.000226446 0 0 0
1 1 0.000446764 0 0 0
1 1 0.00050626 0 0 0
-1 -1 0 0 0.000586175 0
1 1 0.000434871 0 0 0
-2 -2 0 0.000333502 0 0
1 1 0.000438906 0 0 0
2 2 0 0 0 0.000332131
1 1 0.000495845 0 0 0
-1 -1 0 0 0.000712045 0
1 1 0.000907421 0 0 0
1 1 0.00164172 0 0 0
-1 -1 0 0 0.00157699 0
1 1 0.00166667 0 0 0
-1 -1 0 0 0.0017071 0
1 1 0.000817631 0 0 0
-1 -1 0 0 0.000844094 0
-1 -1 0 0 0.00112417 0
2 2 0 0 0 0.00190677
1 1 0.00108432 0 0 0
-1 -1 0 0 0.00127151 0
1 1 0.00137367 0 0 0
-1 -1 0 0 0.00184903 0
-1 -1 0 0 0.00184903 0
1 1 0.00137367 0 0 0
-1 -1 0 0 0.00108643 0
-1 -1 0 0 0.00102438 0
1 1 0.00166667 0 0 0
-2 -2 0 0.000974911 0 0
1 1 0.00132078 0 0 0
-1 -1 0 0 0.00104489 0
-1 -1 0 0 0.00096461 0
2 2 0 0 0 0.000548192
-2 -2 0 0.000638943 0 0
-1 -1 0 0 0.0014343 0
1 1 0.000788035 0 0 0
-1 -1 0 0 0.000895153 0
2 2 0 0 0 0.000630437
-1 -1 0 0 0.0013867 0
2 2 0 0 0 0.000858404
1 1 0.00137545 0 0 0
-1 -1 0 0 0.000790311 0
1 1 0.000895639 0 0 0
1 1 0.000998052 0 0 0
1 1 0.00131451 0 0 0
1 1 0.00118882 0 0 0
1 1 0.00123177 0 0 0
1 1 0.00120533 0 0 0
1 1 0.000958284 0 0 0
1 1 0.000603379 0 0 0
1 1 0.000609607 0 0 0
-2 -2 0 0.000664959 0 0
-2 -2 0 0.00072621 0 0
-1 -1 0 0 0.00114003 0
1 1 0.00134069 0 0 0
1 1 0.000802779 0 0 0
1 1 0.000574583 0 0 0
1 1 0.00113104 0 0 0
-1 -1 0 0 0.000816651 0
-1 -1 0 0 0.000797931 0
1 1 0.00123177 0 0 0
1 1 0.000958284 0 0 0
1 1 0.000603379 0 0 0
2 2 0 0 0 0.000654319
-2 -2 0 0.000509844 0 0
-1 -1 0 0 0.0012088 0
1 1 0.0010074 0 0 0
1 1 0.00106595 0 0 0
-2 -2 0 0.000736757 0 0
1 1 0.00174337 0 0 0
1 1 0.00160157 0 0 0
-1 -1 0 0 0.00168996 0
-1 -1 0 0 0.00166014 0
1 1 0.00202159 0 0 0
-1 -1 0 0 0.00136814 0
-1 -1 0 0 0.00136814 0
1 1 0.000967407 0 0 0
-1 -1 0 0 0.00209533 0
-1 -1 0 0 0.00204785 0
-1 -1 0 0 0.00112417 0
2 2 0 0 0 0.00190677
-1 -1 0 0 0.00139878 0
-2 -2 0 0.000823038 0 0
1 1 0.00164888 0 0 0
-1 -1 0 0 0.0010412 0
2 2 0 0 0 0.000567953
-1 -1 0 0 0.00122778 0
1 1 0.00111042 0 0 0
-2 -2 0 0.000823038 0 0
1 1 0.00130346 0 0 0
-1 -1 0 0 0.00114842 0
1 1 0.00132078 0 0 0
-1 -1 0 0 0.00108519 0
1 1 0.000988247 0 0 0
1 1 0.00130346 0 0 0
-2 -2 0 0.000974911 0 0
2 2 0 0 0 0.000524523
-1 -1 0 0 0.00113991 0
-1 -1 0 0 0.000882664 0
-1 -1 0 0 0.000218758 0
1 1 0.000340664 0 0 0
-2 -2 0 0.00034161 0 0
2 2 0 0 0 0.000414909
1 1 0.000814839 0 0 0
1 1 0.000842012 0 0 0
1 1 0.00102264 0 0 0
-1 -1 0 0 0.00125061 0
1 1 0.000955485 0 0 0
1 1 0.00174337 0 0 0
1 1 0.00148802 0 0 0
1 1 0.00157582 0 0 0
1 1 0.00157582 0 0 0
1 1 0.00116223 0 0 0
1 1 0.00141238 0 0 0
-1 -1 0 0 0.00118049 0
-2 -2 0 0.000736757 0 0
2 2 0 0 0 0.000332131
-1 -1 0 0 0.000594665 0
-1 -1 0 0 0.000816651 0
1 1 0.00054755 0 0 0
2 2 0 0 0 0.00066689
1 1 0.00123105 0 0 0
1 1 0.00106529 0 0 0
1 1 0.00123105 0 0 0
-1 -1 0 0 0.000178304 0
1 1 0.000125551 0 0 0
1 1 0.000324461 0 0 0
-2 -2 0 0.000348856 0 0
1 1 0.000845106 0 0 0
1 1 0.000818139 0 0 0
-1 -1 0 0 0.00130863 0
-1 -1 0 0 0.0013641 0
1 1 0.00139478 0 0 0
1 1 0.00137545 0 0 0
1 1 0.000775719 0 0 0
1 1 0.00144473 0 0 0
1 1 0.00144473 0 0 0
1 1 0.000895639 0 0 0
-1 -1 0 0 0.000882135 0
2 2 0 0 0 0.000708456
1 1 0.00148802 0 0 0
1 1 0.00126235 0 0 0
1 1 0.00123178 0 0 0
-1 -1 0 0 0.000906112 0
1 1 0.00202159 0 0 0
-1 -1 0 0 0.000713904 0
-1 -1 0 0 0.000829266 0
-1 -1 0 0 0.00118049 0
1 1 0.000998052 0 0 0
-1 -1 0 0 0.00102262 0
-1 -1 0 0 0.00106201 0
-1 -1 0 0 0.000790311 0
-1 -1 0 0 0.00092652 0
-1 -1 0 0 0.00111876 0
-1 -1 0 0 0.000932615 0
1 1 0.00134069 0 0 0
2 2 0 0 0 0.00106843
1 1 0.00141238 0 0 0
1 1 0.00103148 0 0 0
-1 -1 0 0 0.00105529 0
-1 -1 0 0 0.00143999 0
1 1 0.000802779 0 0 0
-1 -1 0 0 0.000752021 0
2 2 0 0 0 0.000469063
-1 -1 0 0 0.000608687 0
1 1 0.000907604 0 0 0
1 1 0.00113104 0 0 0
-1 -1 0 0 0.00105911 0
-1 -1 0 0 0.00099233 0
-2 -2 0 0.000508725 0 0
1 1 0.000574583 0 0 0
2 2 0 0 0 0.000654319
1 1 0.000847774 0 0 0
-1 -1 0 0 0.00105911 0
-2 -2 0 0.000664959 0 0
-1 -1 0 0 0.000749055 0
-1 -1 0 0 0.000682193 0
-1 -1 0 0 0.00156632 0
-1 -1 0 0 0.00134388 0
-1 -1 0 0 0.00134388 0
-1 -1 0 0 0.0014343 0
1 1 0.000605069 0 0 0
1 1 0.000907421 0 0 0
2 2 0 0 0 0.000548192
-2 -2 0 0.000799608 0 0
-1 -1 0 0 0.00110141 0
-1 -1 0 0 0.00110141 0
-1 -1 0 0 0.000513575 0
1 1 0.000226446 0 0 0
1 1 0.000446764 0 0 0
1 1 0.00050626 0 0 0
-1 -1 0 0 0.00102108 0
1 1 0.000434871 0 0 0
-2 -2 0 0.000333502 0 0
1 1 0.000438906 0 0 0
2 2 0 0 0 0.000332131
1 1 0.000495845 0 0 0
-1 -1 0 0 0.000619744 0
1 1 0.000907421 0 0 0
1 1 0.00164172 0 0 0
-1 -1 0 0 0.00104489 0
1 1 0.00166667 0 0 0
-1 -1 0 0 0.00223351 0
1 1 0.000817631 0 0 0
-1 -1 0 0 0.000844094 0
-1 -1 0 0 0.00112417 0
2 2 0 0 0 0.00190677
1 1 0.00108432 0 0 0
-1 -1 0 0 0.00127151 0
1 1 0.00137367 0 0 0
-1 -1 0 0 0.00222998 0
-1 -1 0 0 0.00246791 0
1 1 0.00137367 0 0 0
-1 -1 0 0 0.00108519 0
-1 -1 0 0 0.00122516 0
1 1 0.00166667 0 0 0
-2 -2 0 0.000974911 0 0
1 1 0.00132078 0 0 0
-1 -1 0 0 0.00109089 0
-1 -1 0 0 0.00096461 0
2 2 0 0 0 0.000548192
-2 -2 0 0.000638943 0 0
-1 -1 0 0 0.0014343 0
1 1 0.000788035 0 0 0
-1 -1 0 0 0.000895153 0
2 2 0 0 0 0.000630437
-1 -1 0 0 0.0013867 0
2 2 0 0 0 0.000858404
1 1 0.00137545 0 0 0
-1 -1 0 0 0.000790311 0
1 1 0.000895639 0 0 0
1 1 0.000998052 0 0 0
1 1 0.00131451 0 0 0
1 1 0.00118882 0 0 0
1 1 0.00123177 0 0 0
1 1 0.00120533 0 0 0
1 1 0.000958284 0 0 0
1 1 0.000603379 0 0 0
1 1 0.000609607 0 0 0
-2 -2 0 0.000664959 0 0
-2 -2 0 0.00072621 0 0
-1 -1 0 0 0.00099233 0
1 1 0.00134069 0 0 0
1 1 0.000802779 0 0 0
1 1 0.000574583 0 0 0
1 1 0.00113104 0 0 0
-1 -1 0 0 0.000816651 0
-1 -1 0 0 0.000797931 0
1 1 0.00123177 0 0 0
1 1 0.000958284 0 0 0
1 1 0.000603379 0 0 0
2 2 0 0 0 0.000654319
-2 -2 0 0.000509844 0 0
-1 -1 0 0 0.0012088 0
1 1 0.0010074 0 0 0
-2 -2 0 0.000619434 0 0
-1 -1 0 0 0.00209533 0
-1 -1 0 0 0.00204785 0
-1 -1 0 0 0.0013867 0
1 1 0.00139478 0 0 0
1 1 0.000899861 0 0 0
1 1 0.00129139 0 0 0
1 1 0.00104124 0 0 0
-1 -1 0 0 0.00112031 0
1 1 0.00183064 0 0 0
1 1 0.00183064 0 0 0
1 1 0.00117719 0 0 0
1 1 0.0011192 0 0 0
-1 -1 0 0 0.000667492 0
-2 -2 0 0.00072621 0 0
-1 -1 0 0 0.00095548 0
2 2 0 0 0 0.00106843
1 1 0.000775719 0 0 0
1 1 0.000797954 0 0 0
1 1 0.000735186 0 0 0
-2 -2 0 0.00059916 0 0
1 1 0.000728688 0 0 0
-1 -1 0 0 0.000895153 0
1 1 0.000765555 0 0 0
-1 -1 0 0 0.000400106 0
1 1 0.000261796 0 0 0
2 2 0 0 0 0.000270994
2 2 0 0 0 0.000301648
-1 -1 0 0 0.00118755 0
2 2 0 0 0 0.000448922
1 1 0.000591741 0 0 0
-1 -1 0 0 0.000536721 0
-2 -2 0 0.000478574 0 0
2 2 0 0 0 0.000530108
1 1 0.000739294 0 0 0
2 2 0 0 0 0.000555069
1 1 0.00104512 0 0 0
-1 -1 0 0 0.00083927 0
1 1 0.00089555 0 0 0
-1 -1 0 0 0.00152625 0
1 1 0.00127539 0 0 0
1 1 0.00127539 0 0 0
-1 -1 0 0 0.000913497 0
-1 -1 0 0 0.00101729 0
-2 -2 0 0.000281561 0 0
-1 -1 0 0 0.00102223 0
1 1 0.00118492 0 0 0
1 1 0.000886161 0 0 0
-1 -1 0 0 0.00102223 0
1 1 0.00118492 0 0 0
-1 -1 0 0 0.00111084 0
-1 -1 0 0 0.000965819 0
-1 -1 0 0 0.00111084 0
1 1 0.000875877 0 0 0
-1 -1 0 0 0.00153596 0
-1 -1 0 0 0.000597519 0
1 1 0.000534841 0 0 0
-1 -1 0 0 0.0010869 0
1 1 0.00123557 0 0 0
1 1 0.00123557 0 0 0
-1 -1 0 0 0.00131886 0
-1 -1 0 0 0.00131886 0
1 1 0.00118433 0 0 0
-1 -1 0 0 0.00105466 0
1 1 0.00118433 0 0 0
1 1 0.00075245 0 0 0
1 1 0.000502354 0 0 0
-2 -2 0 0.000336229 0 0
-1 -1 0 0 0.000571871 0
2 2 0 0 0 0.000530108
1 1 0.00075245 0 0 0
1 1 0.000487711 0 0 0
-1 -1 0 0 0.00056469 0
2 2 0 0 0 0.000555069
-1 -1 0 0 0.000829462 0
-1 -1 0 0 0.00111872 0
2 2 0 0 0 0.000322888
-1 -1 0 0 0.000984622 0
-1 -1 0 0 0.000763878 0
1 1 0.0008548 0 0 0
1 1 0.00101603 0 0 0
1 1 0.00211249 0 0 0
1 1 0.00204269 0 0 0
1 1 0.00159625 0 0 0
1 1 0.00151512 0 0 0
1 1 0.00043325 0 0 0
-1 -1 0 0 0.00107671 0
-1 -1 0 0 0.000663819 0
1 1 0.00145532 0 0 0
1 1 0.00154803 0 0 0
1 1 0.00182395 0 0 0
-2 -2 0 0.000299805 0 0
1 1 0.000815815 0 0 0
-1 -1 0 0 0.00104806 0
1 1 0.0008392 0 0 0
-1 -1 0 0 0.000852383 0
-1 -1 0 0 0.0011546 0
1 1 0.0008392 0 0 0
1 1 0.000521525 0 0 0
-1 -1 0 0 0.000613728 0
1 1 0.000672796 0 0 0
2 2 0 0 0 0.000697398
-1 -1 0 0 0.000688482 0
1 1 0.000723853 0 0 0
-2 -2 0 0.000991345 0 0
1 1 0.00131597 0 0 0
1 1 0.00112008 0 0 0
1 1 0.00114957 0 0 0
1 1 0.000967474 0 0 0
2 2 0 0 0 0.000724439
-2 -2 0 0.000807701 0 0
-2 -2 0 0.000791555 0 0
1 1 0.00152149 0 0 0
-1 -1 0 0 0.00146473 0
-1 -1 0 0 0.00172758 0
-1 -1 0 0 0.00127248 0
1 1 0.000745826 0 0 0
1 1 0.000716592 0 0 0
1 1 0.000461047 0 0 0
-1 -1 0 0 0.000492616 0
-1 -1 0 0 0.000486556 0
2 2 0 0 0 0.000772295
-1 -1 0 0 0.00106244 0
1 1 0.000520647 0 0 0
-1 -1 0 0 0.000513852 0
-1 -1 0 0 0.00061815 0
2 2 0 0 0 0.000522519
2 2 0 0 0 0.000664919
-1 -1 0 0 0.00115644 0
-1 -1 0 0 0.00195447 0
1 1 0.00135974 0 0 0
1 1 0.00142343 0 0 0
-1 -1 0 0 0.00148244 0
1 1 0.00129359 0 0 0
1 1 0.00189903 0 0 0
1 1 0.0010502 0 0 0
1 1 0.00103434 0 0 0
-1 -1 0 0 0.00108577 0
-1 -1 0 0 0.00107357 0
-1 -1 0 0 0.000951733 0
1 1 0.000829192 0 0 0
-1 -1 0 0 0.00102915 0
-1 -1 0 0 0.000681219 0
1 1 0.000683707 0 0 0
1 1 0.000672796 0 0 0
2 2 0 0 0 0.000599967
2 2 0 0 0 0.000697398
-2 -2 0 0.000549771 0 0
1 1 0.000834991 0 0 0
1 1 0.0005538 0 0 0
1 1 0.000831837 0 0 0
-2 -2 0 0.000789127 0 0
1 1 0.000867463 0 0 0
1 1 0.00028379 0 0 0
-1 -1 0 0 0.000473189 0
1 1 0.000417498 0 0 0
2 2 0 0 0 0.000662791
-1 -1 0 0 0.0012654 0
1 1 0.000980024 0 0 0
1 1 0.00111411 0 0 0
2 2 0 0 0 0.000662791
-1 -1 0 0 0.00107448 0
-2 -2 0 0.000565856 0 0
1 1 0.00114712 0 0 0
1 1 0.000847797 0 0 0
1 1 0.00180342 0 0 0
1 1 0.000662667 0 0 0
-1 -1 0 0 0.00148141 0
-1 -1 0 0 0.00110722 0
-1 -1 0 0 0.00125356 0
1 1 0.00180342 0 0 0
1 1 0.000840333 0 0 0
-1 -1 0 0 0.0012873 0
-1 -1 0 0 0.00116631 0
1 1 0.00110968 0 0 0
1 1 0.00110968 0 0 0
-1 -1 0 0 0.00120747 0
1 1 0.000390996 0 0 0
-2 -2 0 0.000327824 0 0
1 1 0.000417498 0 0 0
2 2 0 0 0 0.000503752
1 1 0.000310173 0 0 0
1 1 0.000169859 0 0 0
-1 -1 0 0 0.00017423 0
2 2 0 0 0 0.000190039
2 2 0 0 0 0.000235256
-1 -1 0 0 0.000739077 0
-1 -1 0 0 0.000752946 0
1 1 0.000514942 0 0 0
1 1 0.000514942 0 0 0
-1 -1 0 0 0.000811797 0
-1 -1 0 0 0.000811797 0
-1 -1 0 0 0.00087238 0
-1 -1 0 0 0.000970461 0
-1 -1 0 0 0.00173661 0
-1 -1 0 0 0.00173661 0
-1 -1 0 0 0.000777321 0
-1 -1 0 0 0.000993628 0
1 1 0.000559783 0 0 0
-1 -1 0 0 0.00131671 0
-1 -1 0 0 0.00131671 0
-1 -1 0 0 0.00148141 0
1 1 0.00064206 0 0 0
-1 -1 0 0 0.00100107 0
1 1 0.000980024 0 0 0
1 1 0.00101679 0 0 0
1 1 0.00143069 0 0 0
-1 -1 0 0 0.00100817 0
1 1 0.00143069 0 0 0
-1 -1 0 0 0.000989394 0
1 1 0.00094942 0 0 0
-1 -1 0 0 0.00160487 0
-1 -1 0 0 0.00146855 0
-1 -1 0 0 0.00113191 0
1 1 0.0013691 0 0 0
1 1 0.00142343 0 0 0
-1 -1 0 0 0.00150739 0
2 2 0 0 0 0.000436309
-1 -1 0 0 0.00064959 0
-1 -1 0 0 0.000539599 0
-2 -2 0 0.000553057 0 0
-1 -1 0 0 0.0011546 0
1 1 0.00200075 0 0 0
1 1 0.00200075 0 0 0
1 1 0.00274361 0 0 0
1 1 0.00205037 0 0 0
1 1 0.000829192 0 0 0
1 1 0.00116729 0 0 0
1 1 0.00112324 0 0 0
1 1 0.00111936 0 0 0
1 1 0.00135974 0 0 0
1 1 0.00189903 0 0 0
1 1 0.00131503 0 0 0
-1 -1 0 0 0.000702653 0
1 1 0.000305112 0 0 0
1 1 0.00063756 0 0 0
1 1 0.000572118 0 0 0
-2 -2 0 0.000516265 0 0
1 1 0.000449494 0 0 0
2 2 0 0 0 0.000367579
2 2 0 0 0 0.000452253
2 2 0 0 0 0.000452253
-2 -2 0 0.000302131 0 0
-1 -1 0 0 0.000365594 0
-2 -2 0 0.000807701 0 0
-1 -1 0 0 0.00142998 0
1 1 0.0014067 0 0 0
-1 -1 0 0 0.00177703 0
1 1 0.00197966 0 0 0
1 1 0.000799801 0 0 0
-1 -1 0 0 0.00179579 0
-1 -1 0 0 0.00160161 0
1 1 0.000967474 0 0 0
1 1 0.00197966 0 0 0
-1 -1 0 0 0.00105002 0
-1 -1 0 0 0.000964333 0
-1 -1 0 0 0.000985391 0
-2 -2 0 0.000497457 0 0
1 1 0.00119043 0 0 0
-2 -2 0 0.000466024 0 0
1 1 0.00156316 0 0 0
1 1 0.00236636 0 0 0
1 1 0.0010279 0 0 0
-1 -1 0 0 0.00163505 0
-1 -1 0 0 0.00150497 0
1 1 0.00236636 0 0 0
1 1 0.000874793 0 0 0
-1 -1 0 0 0.00142488 0
-1 -1 0 0 0.00173277 0
1 1 0.00119043 0 0 0
1 1 0.00144789 0 0 0
1 1 0.000251941 0 0 0
-1 -1 0 0 0.000780315 0
1 1 0.00141147 0 0 0
1 1 0.00130312 0 0 0
1 1 0.000665191 0 0 0
-1 -1 0 0 0.00132004 0
1 1 0.00154803 0 0 0
-1 -1 0 0 0.00135731 0
-1 -1 0 0 0.00203868 0
1 1 0.00160624 0 0 0
-1 -1 0 0 0.00215171 0
-1 -1 0 0 0.00148994 0
-1 -1 0 0 0.000618159 0
1 1 0.000728296 0 0 0
-1 -1 0 0 0.000833758 0
2 2 0 0 0 0.00094307
1 1 0.00274361 0 0 0
-1 -1 0 0 0.00157725 0
-1 -1 0 0 0.00179353 0
1 1 0.00278673 0 0 0
1 1 0.00302159 0 0 0
1 1 0.00302159 0 0 0
1 1 0.00268154 0 0 0
1 1 0.00153689 0 0 0
1 1 0.0014067 0 0 0
-2 -2 0 0.000524577 0 0
1 1 0.00114957 0 0 0
1 1 0.00102176 0 0 0
1 1 0.0013691 0 0 0
1 1 0.00117801 0 0 0
-1 -1 0 0 0.00180732 0
1 1 0.00171601 0 0 0
1 1 0.0010502 0 0 0
1 1 0.00119344 0 0 0
-1 -1 0 0 0.00195447 0
1 1 0.00119344 0 0 0
-1 -1 0 0 0.00106927 0
1 1 0.000831837 0 0 0
-1 -1 0 0 0.000954246 0
-2 -2 0 0.000675997 0 0
-2 -2 0 0.000991345 0 0
1 1 0.00124259 0 0 0
-1 -1 0 0 0.00151014 0
-1 -1 0 0 0.00152362 0
1 1 0.00141205 0 0 0
-1 -1 0 0 0.00124283 0
1 1 0.000943427 0 0 0
1 1 0.00141167 0 0 0
-1 -1 0 0 0.00215633 0
2 2 0 0 0 0.00094307
1 1 0.00153689 0 0 0
-1 -1 0 0 0.000930181 0
-1 -1 0 0 0.000305133 0
1 1 0.000481634 0 0 0
2 2 0 0 0 0.000284608
-2 -2 0 0.000368912 0 0
-1 -1 0 0 0.000821694 0
1 1 0.000716592 0 0 0
-1 -1 0 0 0.000984622 0
-1 -1 0 0 0.00134025 0
-1 -1 0 0 0.00150948 0
1 1 0.00211249 0 0 0
1 1 0.00204269 0 0 0
1 1 0.00184589 0 0 0
1 1 0.00145755 0 0 0
1 1 0.00150654 0 0 0
1 1 0.00141147 0 0 0
1 1 0.00182395 0 0 0
1 1 0.00160624 0 0 0
-1 -1 0 0 0.000519737 0
1 1 0.000815815 0 0 0
1 1 0.000785529 0 0 0
2 2 0 0 0 0.000820909
-2 -2 0 0.000579547 0 0
-1 -1 0 0 0.000821216 0
-1 -1 0 0 0.00057504 0
-1 -1 0 0 0.00107671 0
1 1 0.000785529 0 0 0
2 2 0 0 0 0.000820909
1 1 0.00109155 0 0 0
-1 -1 0 0 0.00125356 0
-1 -1 0 0 0.00177443 0
