# The Best Parameter Set
# [alpha] [beta] [ks] [kt] [score]
1 1 1 1 0
# [label] [PRED] [DV 1] [DV -2] [DV -1] [DV 2] [DV 0]
0 1 0.00371903 0 0 0 0
0 1 0.00531117 0 0 0 0
0 1 0.00435354 0 0 0 0
0 1 0.00463882 0 0 0 0
0 1 0.00429896 0 0 0 0
0 1 0.00372032 0 0 0 0
0 1 0.00495505 0 0 0 0
0 -1 0 0 0.00331865 0 0
0 -1 0 0 0.00309467 0 0
0 1 0.00348466 0 0 0 0
0 -1 0 0 0.00307655 0 0
0 1 0.00370942 0 0 0 0
0 1 0.00263436 0 0 0 0
0 1 0.000341154 0 0 0 0
0 -1 0 0 0.00387771 0 0
0 1 0.00249443 0 0 0 0
0 -1 0 0 0.00309386 0 0
0 -1 0 0 0.00338626 0 0
0 1 0.00264965 0 0 0 0
0 1 0.00382469 0 0 0 0
0 -1 0 0 0.00402767 0 0
0 1 0.00187562 0 0 0 0
0 -1 0 0 0.00398977 0 0
0 1 0.00409765 0 0 0 0
0 -1 0 0 0.00504318 0 0
0 1 0.00393318 0 0 0 0
0 -1 0 0 0.00142621 0 0
0 -1 0 0 0.00324964 0 0
0 -1 0 0 0.00290086 0 0
0 -1 0 0 0.00303542 0 0
0 -2 0 0.00138983 0 0 0
0 1 0.00189903 0 0 0 0
0 1 0.00010633 0 0 0 0
0 -1 0 0 0.000239294 0 0
0 -1 0 0 0.000979336 0 0
0 1 0.00358297 0 0 0 0
0 1 0.00353037 0 0 0 0
0 1 0.0018182 0 0 0 0
0 -1 0 0 0.00321547 0 0
0 1 0.00391246 0 0 0 0
0 1 0.00480223 0 0 0 0
0 -2 0 0.00213836 0 0 0
0 1 0.00421372 0 0 0 0
0 1 0.00389101 0 0 0 0
0 1 0.00422843 0 0 0 0
0 1 0.00349323 0 0 0 0
0 -1 0 0 0.00320869 0 0
0 -2 0 0.00200484 0 0 0
0 -2 0 0.00216682 0 0 0
0 1 0.00128 0 0 0 0
0 -1 0 0 0.00156333 0 0
0 -1 0 0 0.00193035 0 0
0 1 0.00179395 0 0 0 0
0 1 0.00517927 0 0 0 0
0 1 0.00511523 0 0 0 0
0 1 0.00451791 0 0 0 0
0 1 0.00509415 0 0 0 0
0 1 0.000101283 0 0 0 0
0 1 2.57693e-08 0 0 0 0
0 -1 0 0 0.000258562 0 0
0 -1 0 0 0.00122191 0 0
0 -1 0 0 0.00298313 0 0
0 -1 0 0 0.00272916 0 0
0 -1 0 0 0.00353313 0 0
0 -2 0 0.00190528 0 0 0
0 -2 0 0.00204437 0 0 0
0 -1 0 0 0.00283276 0 0
0 -1 0 0 0.0024716 0 0
0 -1 0 0 0.00304402 0 0
0 -1 0 0 0.00312909 0 0
0 -1 0 0 0.00265248 0 0
0 1 0.00319304 0 0 0 0
0 1 0.00421218 0 0 0 0
0 1 0.00346166 0 0 0 0
0 1 0.00446148 0 0 0 0
0 1 0.00374683 0 0 0 0
0 1 0.00325576 0 0 0 0
0 -2 0 0.00213143 0 0 0
0 -1 0 0 0.00301645 0 0
0 -1 0 0 0.0029152 0 0
0 -2 0 0.00195034 0 0 0
0 -2 0 0.00217596 0 0 0
0 1 0.00550052 0 0 0 0
0 -2 0 0.00208441 0 0 0
0 -2 0 0.00198414 0 0 0
0 1 0.00221118 0 0 0 0
0 -1 0 0 0.00282495 0 0
0 1 0.00219094 0 0 0 0
0 -1 0 0 0.00293041 0 0
0 -1 0 0 0.00327842 0 0
0 1 0.00392265 0 0 0 0
0 1 0.00416206 0 0 0 0
0 1 0.00388611 0 0 0 0
0 1 0.00318517 0 0 0 0
0 1 0.00392646 0 0 0 0
0 1 0.00319093 0 0 0 0
0 -1 0 0 0.00223339 0 0
0 1 0.00109 0 0 0 0
0 1 0.00217397 0 0 0 0
0 -1 0 0 0.00417825 0 0
0 -1 0 0 0.00446912 0 0
0 -1 0 0 0.00309467 0 0
0 1 0.00140419 0 0 0 0
0 -1 0 0 0.00123221 0 0
0 -1 0 0 0.00121384 0 0
0 -1 0 0 0.00223918 0 0
0 -1 0 0 0.00454099 0 0
0 -1 0 0 0.00348649 0 0
0 -1 0 0 0.00313947 0 0
0 -1 0 0 0.00262083 0 0
0 1 0.00529153 0 0 0 0
0 -1 0 0 0.00368978 0 0
0 1 0.0038548 0 0 0 0
0 -1 0 0 0.00349568 0 0
0 -1 0 0 0.00380344 0 0
0 1 0.00153471 0 0 0 0
0 1 0.00322958 0 0 0 0
0 1 0.00486927 0 0 0 0
0 -1 0 0 0.00527095 0 0
0 -1 0 0 0.00610909 0 0
0 1 0.00382404 0 0 0 0
0 1 0.00308203 0 0 0 0
0 1 0.00271503 0 0 0 0
0 -2 0 0.00134727 0 0 0
0 -2 0 0.00134415 0 0 0
0 1 0.000786173 0 0 0 0
0 -2 0 0.00122831 0 0 0
0 -1 0 0 0.00161239 0 0
0 -1 0 0 0.00191259 0 0
0 1 0.00202196 0 0 0 0
0 -1 0 0 0.0025944 0 0
0 1 0.00315214 0 0 0 0
0 -1 0 0 0.00305996 0 0
0 -1 0 0 0.00349915 0 0
0 1 0.00093322 0 0 0 0
0 1 0.00445057 0 0 0 0
0 1 0.00324827 0 0 0 0
0 -1 0 0 0.00384974 0 0
0 1 0.00332698 0 0 0 0
0 1 0.00133839 0 0 0 0
0 -1 0 0 0.00377196 0 0
0 1 0.00554717 0 0 0 0
0 1 0.00848825 0 0 0 0
0 1 0.00828986 0 0 0 0
0 1 0.00900217 0 0 0 0
0 1 0.00895056 0 0 0 0
0 1 0.00430491 0 0 0 0
0 1 0.00303348 0 0 0 0
0 -1 0 0 0.00336704 0 0
0 1 0.00377224 0 0 0 0
0 1 0.00329993 0 0 0 0
0 -1 0 0 0.00391198 0 0
0 -1 0 0 0.00340541 0 0
0 -1 0 0 0.00305632 0 0
0 -1 0 0 0.00291789 0 0
0 -1 0 0 0.00362478 0 0
0 1 0.00285659 0 0 0 0
0 1 0.00270471 0 0 0 0
0 1 0.00338257 0 0 0 0
0 1 0.00194136 0 0 0 0
0 -1 0 0 0.00383403 0 0
0 -1 0 0 0.00299459 0 0
0 -2 0 0.00190659 0 0 0
0 -1 0 0 0.00274027 0 0
0 -2 0 0.00206043 0 0 0
0 1 0.00399869 0 0 0 0
0 -1 0 0 0.00328854 0 0
0 1 0.00450327 0 0 0 0
0 1 0.00361396 0 0 0 0
0 1 0.00109696 0 0 0 0
0 1 0.000492772 0 0 0 0
0 1 0.00190772 0 0 0 0
0 -1 0 0 0.00359106 0 0
0 -1 0 0 0.00289765 0 0
0 -1 0 0 0.00276756 0 0
0 -1 0 0 0.00288086 0 0
0 1 0.00292726 0 0 0 0
0 1 0.00256436 0 0 0 0
0 -1 0 0 0.00315993 0 0
0 1 0.00137609 0 0 0 0
0 -1 0 0 0.00268495 0 0
0 1 0.00427001 0 0 0 0
0 1 0.00134642 0 0 0 0
0 -1 0 0 0.000754352 0 0
0 1 0.00021835 0 0 0 0
0 1 0.00220797 0 0 0 0
0 1 0.00540682 0 0 0 0
0 -2 0 0.00199585 0 0 0
0 1 0.00328055 0 0 0 0
0 -1 0 0 0.00298131 0 0
0 1 0.00410665 0 0 0 0
0 1 0.00325256 0 0 0 0
0 1 0.00496156 0 0 0 0
0 1 0.00448787 0 0 0 0
0 -1 0 0 0.00294856 0 0
0 -1 0 0 0.00299079 0 0
0 1 0.00390941 0 0 0 0
0 -2 0 0.00211148 0 0 0
0 -2 0 0.00212883 0 0 0
0 -2 0 0.00211603 0 0 0
0 1 0.00393864 0 0 0 0
0 -1 0 0 0.00233792 0 0
0 -1 0 0 0.00225208 0 0
0 -2 0 0.00182266 0 0 0
0 -2 0 0.00213429 0 0 0
0 1 0.00236371 0 0 0 0
0 -1 0 0 0.00295218 0 0
0 -1 0 0 0.0029379 0 0
0 1 0.00317775 0 0 0 0
0 1 0.00293199 0 0 0 0
0 1 0.00343031 0 0 0 0
0 1 0.00158737 0 0 0 0
0 -1 0 0 0.00110901 0 0
0 -1 0 0 9.83112e-07 0 0
0 -1 0 0 9.29045e-07 0 0
0 1 2.78414e-08 0 0 0 0
0 1 0.000300834 0 0 0 0
0 1 0.00125144 0 0 0 0
0 1 0.0010525 0 0 0 0
0 1 0.000758418 0 0 0 0
0 1 0.000152393 0 0 0 0
0 -1 0 0 0.00171659 0 0
0 -1 0 0 0.00381677 0 0
0 1 0.00375843 0 0 0 0
0 -1 0 0 0.00301333 0 0
0 -1 0 0 0.00368434 0 0
0 1 0.0038115 0 0 0 0
0 1 0.00492194 0 0 0 0
0 -1 0 0 0.00309028 0 0
0 -1 0 0 0.00305073 0 0
0 1 0.0016741 0 0 0 0
0 -1 0 0 0.0042556 0 0
0 -1 0 0 0.00494246 0 0
0 -1 0 0 0.00574013 0 0
0 1 0.00548479 0 0 0 0
0 -1 0 0 0.0053604 0 0
0 1 0.00502897 0 0 0 0
0 1 0.00147047 0 0 0 0
0 -1 0 0 0.00505008 0 0
0 -1 0 0 0.00447699 0 0
0 1 0.00354197 0 0 0 0
0 1 0.00164405 0 0 0 0
0 1 0.00347001 0 0 0 0
0 -1 0 0 0.00318995 0 0
0 -1 0 0 0.00340221 0 0
0 1 0.00542782 0 0 0 0
0 1 0.00386787 0 0 0 0
0 1 0.00396357 0 0 0 0
0 1 0.00128183 0 0 0 0
0 1 0.000867312 0 0 0 0
0 -1 0 0 0.00182295 0 0
0 1 0.000488637 0 0 0 0
0 -1 0 0 0.00140901 0 0
0 1 4.53347e-05 0 0 0 0
0 1 0.000221398 0 0 0 0
0 1 1.25318e-05 0 0 0 0
0 -1 0 0 1.59526e-06 0 0
0 -1 0 0 0.00148534 0 0
0 1 0.000341991 0 0 0 0
0 1 0.000383723 0 0 0 0
0 1 0.00109841 0 0 0 0
0 1 0.00331655 0 0 0 0
0 1 0.00401776 0 0 0 0
0 1 0.00424284 0 0 0 0
0 -1 0 0 0.000735612 0 0
0 1 0.00158599 0 0 0 0
0 1 0.00172159 0 0 0 0
0 1 0.00281317 0 0 0 0
0 1 0.00384773 0 0 0 0
0 1 0.0080256 0 0 0 0
0 1 0.00468401 0 0 0 0
0 1 0.00489504 0 0 0 0
0 1 0.00330357 0 0 0 0
0 -1 0 0 0.002545 0 0
0 1 0.00236813 0 0 0 0
0 1 0.00205709 0 0 0 0
0 1 0.00293455 0 0 0 0
0 -1 0 0 0.000906901 0 0
0 -1 0 0 0.00267687 0 0
0 -1 0 0 0.00280222 0 0
0 1 0.000578856 0 0 0 0
0 1 0.00133831 0 0 0 0
0 1 0.00449404 0 0 0 0
0 1 0.00514734 0 0 0 0
0 -1 0 0 0.00405664 0 0
0 -1 0 0 0.00278109 0 0
0 -1 0 0 0.00266176 0 0
0 -1 0 0 0.00235414 0 0
0 1 0.00254457 0 0 0 0
0 -1 0 0 0.00451399 0 0
0 1 8.96775e-05 0 0 0 0
0 1 0.000234775 0 0 0 0
0 1 0.00462397 0 0 0 0
0 1 0.0048996 0 0 0 0
0 1 0.000897402 0 0 0 0
0 1 0.00289329 0 0 0 0
0 1 0.00208503 0 0 0 0
0 1 0.00220139 0 0 0 0
0 1 0.00414861 0 0 0 0
0 -1 0 0 0.00386941 0 0
0 -1 0 0 0.00275223 0 0
0 -1 0 0 0.00272775 0 0
0 -1 0 0 0.00496046 0 0
0 -1 0 0 0.00413204 0 0
0 -1 0 0 0.003281 0 0
0 1 0.00264834 0 0 0 0
0 -1 0 0 0.00197585 0 0
0 -1 0 0 0.00204962 0 0
0 1 0.00202305 0 0 0 0
0 1 0.00337467 0 0 0 0
0 1 0.00401759 0 0 0 0
0 -1 0 0 0.00234215 0 0
0 1 0.00228665 0 0 0 0
0 -1 0 0 0.0021825 0 0
0 -1 0 0 0.00229633 0 0
0 1 0.00370854 0 0 0 0
0 -1 0 0 0.0043942 0 0
0 -1 0 0 0.00489536 0 0
0 -1 0 0 0.00402407 0 0
0 -1 0 0 0.0041537 0 0
0 -1 0 0 0.00450422 0 0
0 1 0.00384449 0 0 0 0
0 1 0.000531417 0 0 0 0
0 1 0.00295051 0 0 0 0
0 -1 0 0 0.00254324 0 0
0 1 0.00321822 0 0 0 0
0 1 0.00079309 0 0 0 0
0 1 0.00270513 0 0 0 0
0 1 0.00475735 0 0 0 0
0 1 0.00428056 0 0 0 0
0 -1 0 0 0.00265257 0 0
0 -1 0 0 0.00284342 0 0
0 1 0.00298134 0 0 0 0
0 1 0.00449837 0 0 0 0
0 -1 0 0 0.0024118 0 0
0 -1 0 0 0.00360549 0 0
0 -1 0 0 0.0031996 0 0
0 1 0.00252925 0 0 0 0
0 1 0.00253311 0 0 0 0
0 1 0.00489887 0 0 0 0
0 1 0.00330688 0 0 0 0
0 -1 0 0 0.000809434 0 0
0 -1 0 0 0.00109645 0 0
0 1 0.000776804 0 0 0 0
0 -1 0 0 0.00276748 0 0
0 -1 0 0 0.00372528 0 0
0 -1 0 0 0.00196982 0 0
0 1 0.00337745 0 0 0 0
0 1 0.00305619 0 0 0 0
0 -1 0 0 0.0020268 0 0
0 -1 0 0 0.00348675 0 0
0 -1 0 0 0.00383055 0 0
0 1 0.00526095 0 0 0 0
0 1 0.0026783 0 0 0 0
0 -1 0 0 0.00376042 0 0
0 1 0.00441991 0 0 0 0
0 1 0.0050761 0 0 0 0
0 -1 0 0 0.00376053 0 0
0 1 0.00178441 0 0 0 0
0 -1 0 0 0.0050133 0 0
0 1 0.00456052 0 0 0 0
0 1 0.00397457 0 0 0 0
0 -1 0 0 0.00393909 0 0
0 1 0.00292976 0 0 0 0
0 1 0.00350332 0 0 0 0
0 1 0.00194782 0 0 0 0
0 -1 0 0 0.00170409 0 0
0 1 0.00173151 0 0 0 0
0 1 0.0050186 0 0 0 0
0 1 0.00110016 0 0 0 0
0 1 0.000917951 0 0 0 0
0 1 0.000935973 0 0 0 0
0 -1 0 0 0.00113576 0 0
0 1 0.00269487 0 0 0 0
0 1 0.00195387 0 0 0 0
0 -1 0 0 0.00209362 0 0
0 1 0.00284471 0 0 0 0
0 1 0.00280775 0 0 0 0
0 -1 0 0 0.00218744 0 0
0 -1 0 0 0.00252691 0 0
0 1 0.00137514 0 0 0 0
0 1 0.00288046 0 0 0 0
0 1 0.00321395 0 0 0 0
0 1 0.00392692 0 0 0 0
0 1 0.0025253 0 0 0 0
0 1 0.00627672 0 0 0 0
0 -1 0 0 0.00471735 0 0
0 1 0.00711439 0 0 0 0
0 1 0.00502549 0 0 0 0
0 1 0.00400492 0 0 0 0
0 1 0.0027757 0 0 0 0
0 1 0.00252906 0 0 0 0
0 -1 0 0 0.00337834 0 0
0 -1 0 0 0.00429428 0 0
0 1 0.000247729 0 0 0 0
0 -1 0 0 0.00409592 0 0
0 -1 0 0 0.00294388 0 0
0 -1 0 0 0.00312129 0 0
0 -1 0 0 0.000480333 0 0
0 1 0.00316866 0 0 0 0
0 -1 0 0 0.00283228 0 0
0 1 0.00264732 0 0 0 0
0 -1 0 0 0.00300912 0 0
0 -1 0 0 0.00508534 0 0
0 -1 0 0 0.00458869 0 0
0 1 0.00296701 0 0 0 0
0 1 0.00130662 0 0 0 0
0 1 0.00156052 0 0 0 0
0 1 0.0027363 0 0 0 0
0 -1 0 0 0.00148159 0 0
0 1 0.00886299 0 0 0 0
0 1 0.00851147 0 0 0 0
0 1 0.005383 0 0 0 0
0 1 0.00386374 0 0 0 0
0 1 0.00317735 0 0 0 0
0 1 0.00314284 0 0 0 0
0 1 0.00366973 0 0 0 0
0 -1 0 0 0.00490729 0 0
0 1 0.00371194 0 0 0 0
0 1 0.00129335 0 0 0 0
0 -1 0 0 0.00447454 0 0
0 1 0.00357634 0 0 0 0
0 1 0.00223705 0 0 0 0
0 1 0.00197208 0 0 0 0
0 1 0.00284453 0 0 0 0
0 1 0.0021413 0 0 0 0
0 -1 0 0 0.000182307 0 0
0 1 0.000199318 0 0 0 0
0 2 0 0 0 1.58268e-157 0
0 2 0 0 0 1.58268e-157 0
0 -1 0 0 0.000887318 0 0
0 1 0.00102341 0 0 0 0
0 1 0.00391514 0 0 0 0
0 1 0.00333914 0 0 0 0
0 1 0.00335358 0 0 0 0
0 1 0.00222317 0 0 0 0
0 1 0.00288645 0 0 0 0
0 1 0.0014609 0 0 0 0
0 1 0.00186099 0 0 0 0
0 1 0.000838864 0 0 0 0
0 1 0.00180506 0 0 0 0
0 1 0.00109758 0 0 0 0
0 1 0.00410229 0 0 0 0
0 1 0.00334688 0 0 0 0
0 1 0.00275894 0 0 0 0
0 1 0.00302419 0 0 0 0
0 -1 0 0 0.0054274 0 0
0 1 0.00821995 0 0 0 0
0 -1 0 0 0.00766763 0 0
0 -1 0 0 0.00504939 0 0
0 1 0.00684199 0 0 0 0
0 -1 0 0 0.00761691 0 0
0 1 0.0067308 0 0 0 0
0 -1 0 0 0.00904551 0 0
0 -1 0 0 0.00520581 0 0
0 1 0.00733875 0 0 0 0
0 -1 0 0 0.00667674 0 0
0 1 0.00496873 0 0 0 0
0 -1 0 0 0.0059686 0 0
0 1 0.0023214 0 0 0 0
0 -1 0 0 0.00398614 0 0
0 1 0.00324259 0 0 0 0
0 -1 0 0 0.00101551 0 0
0 1 0.00278834 0 0 0 0
0 -1 0 0 0.00357855 0 0
0 -1 0 0 0.00173655 0 0
0 1 0.00583842 0 0 0 0
0 -1 0 0 0.00704722 0 0
0 1 0.00465341 0 0 0 0
0 1 0.00503536 0 0 0 0
0 1 0.0107453 0 0 0 0
0 -1 0 0 0.00320839 0 0
0 -1 0 0 0.00356416 0 0
0 -1 0 0 0.00105591 0 0
0 1 0.00340546 0 0 0 0
0 1 0.0044926 0 0 0 0
0 1 0.00443939 0 0 0 0
0 1 0.00268 0 0 0 0
0 1 0.00298264 0 0 0 0
0 1 0.00260024 0 0 0 0
0 1 0.00198039 0 0 0 0
0 1 0.00222063 0 0 0 0
0 1 0.00208747 0 0 0 0
0 1 0.00134111 0 0 0 0
0 1 0.000567479 0 0 0 0
0 1 0.0027832 0 0 0 0
0 1 0.00212755 0 0 0 0
0 1 0.00200274 0 0 0 0
0 -1 0 0 0.00390435 0 0
0 1 0.00417396 0 0 0 0
0 1 0.00457567 0 0 0 0
0 -1 0 0 0.00372966 0 0
0 -1 0 0 0.00437821 0 0
0 -1 0 0 0.00514033 0 0
0 -1 0 0 0.00444144 0 0
0 -1 0 0 0.00275177 0 0
0 1 0.00288182 0 0 0 0
0 1 0.00226449 0 0 0 0
0 1 0.000634962 0 0 0 0
0 1 0.00329109 0 0 0 0
0 1 0.0037781 0 0 0 0
0 1 0.00219669 0 0 0 0
0 1 0.00430691 0 0 0 0
0 1 0.00431363 0 0 0 0
0 1 0.00461941 0 0 0 0
0 1 0.0044595 0 0 0 0
0 1 0.00491462 0 0 0 0
0 1 0.00698163 0 0 0 0
0 1 0.00661156 0 0 0 0
0 1 0.0024844 0 0 0 0
0 1 0.00357132 0 0 0 0
0 -1 0 0 0.00126437 0 0
0 -1 0 0 0.00174597 0 0
0 -1 0 0 0.00171007 0 0
0 1 0.00153003 0 0 0 0
0 1 0.00222721 0 0 0 0
0 -1 0 0 7.26703e-06 0 0
0 1 6.82378e-07 0 0 0 0
0 1 0.00316448 0 0 0 0
0 1 0.00482363 0 0 0 0
0 1 0.00752419 0 0 0 0
0 1 0.00662233 0 0 0 0
0 1 0.00492966 0 0 0 0
0 -1 0 0 0.00451875 0 0
0 1 0.00462426 0 0 0 0
0 -1 0 0 0.00387175 0 0
0 -1 0 0 0.00854678 0 0
0 1 0.00587128 0 0 0 0
0 -1 0 0 0.0029764 0 0
0 -1 0 0 0.00164256 0 0
0 -1 0 0 6.67411e-05 0 0
0 -1 0 0 0.000584612 0 0
0 -1 0 0 0.00344587 0 0
0 1 0.00361915 0 0 0 0
0 -1 0 0 2.8224e-05 0 0
0 1 0.00252794 0 0 0 0
0 -1 0 0 0.000356976 0 0
0 -1 0 0 0.00388752 0 0
0 1 0.00394854 0 0 0 0
0 -1 0 0 0.00492263 0 0
0 -1 0 0 0.0061851 0 0
0 1 0.00371903 0 0 0 0
0 1 0.00531117 0 0 0 0
0 1 0.00435354 0 0 0 0
0 1 0.00463882 0 0 0 0
0 1 0.00429896 0 0 0 0
0 1 0.00372032 0 0 0 0
0 1 0.00495505 0 0 0 0
0 -1 0 0 0.00331865 0 0
0 -1 0 0 0.00309467 0 0
0 1 0.00348466 0 0 0 0
0 -1 0 0 0.00307655 0 0
0 1 0.00370942 0 0 0 0
0 1 0.00263436 0 0 0 0
0 1 0.000341154 0 0 0 0
0 -1 0 0 0.00387771 0 0
0 1 0.00249443 0 0 0 0
0 -1 0 0 0.00309386 0 0
0 -1 0 0 0.00338626 0 0
0 1 0.00264965 0 0 0 0
0 1 0.00382469 0 0 0 0
0 -1 0 0 0.00402767 0 0
0 1 0.00187562 0 0 0 0
0 -1 0 0 0.00398977 0 0
0 1 0.00409765 0 0 0 0
0 -1 0 0 0.00504318 0 0
0 1 0.00393318 0 0 0 0
0 -1 0 0 0.00142621 0 0
0 -1 0 0 0.00324964 0 0
0 -1 0 0 0.00290086 0 0
0 -1 0 0 0.00303542 0 0
0 -2 0 0.00138983 0 0 0
0 1 0.00189903 0 0 0 0
0 1 0.00010633 0 0 0 0
0 -1 0 0 0.000239294 0 0
0 -1 0 0 0.000979336 0 0
0 1 0.00358297 0 0 0 0
0 1 0.00353037 0 0 0 0
0 1 0.0018182 0 0 0 0
0 -1 0 0 0.00321547 0 0
0 1 0.00391246 0 0 0 0
0 1 0.00480223 0 0 0 0
0 -2 0 0.00213836 0 0 0
0 1 0.00421372 0 0 0 0
0 1 0.00389101 0 0 0 0
0 1 0.00422843 0 0 0 0
0 1 0.00349323 0 0 0 0
0 -1 0 0 0.00320869 0 0
0 -2 0 0.00200484 0 0 0
0 -2 0 0.00216682 0 0 0
0 1 0.00128 0 0 0 0
0 -1 0 0 0.00156333 0 0
0 -1 0 0 0.00193035 0 0
0 1 0.00179395 0 0 0 0
0 1 0.00517927 0 0 0 0
0 1 0.00511523 0 0 0 0
0 1 0.00451791 0 0 0 0
0 1 0.00509415 0 0 0 0
0 1 0.000101283 0 0 0 0
0 1 2.57693e-08 0 0 0 0
0 -1 0 0 0.000258562 0 0
0 -1 0 0 0.00122191 0 0
0 -1 0 0 0.00298313 0 0
0 -1 0 0 0.00272916 0 0
0 -1 0 0 0.00353313 0 0
0 -2 0 0.00190528 0 0 0
0 -2 0 0.00204437 0 0 0
0 -1 0 0 0.00283276 0 0
0 -1 0 0 0.0024716 0 0
0 -1 0 0 0.00304402 0 0
0 -1 0 0 0.00312909 0 0
0 -1 0 0 0.00265248 0 0
0 1 0.00319304 0 0 0 0
0 1 0.00421218 0 0 0 0
0 1 0.00346166 0 0 0 0
0 1 0.00446148 0 0 0 0
0 1 0.00374683 0 0 0 0
0 1 0.00325576 0 0 0 0
0 -2 0 0.00213143 0 0 0
0 -1 0 0 0.00301645 0 0
0 -1 0 0 0.0029152 0 0
0 -2 0 0.00195034 0 0 0
0 -2 0 0.00217596 0 0 0
0 1 0.00550052 0 0 0 0
0 -2 0 0.00208441 0 0 0
0 -2 0 0.00198414 0 0 0
0 1 0.00221118 0 0 0 0
0 -1 0 0 0.00282495 0 0
0 1 0.00219094 0 0 0 0
0 -1 0 0 0.00293041 0 0
0 -1 0 0 0.00327842 0 0
0 1 0.00392265 0 0 0 0
0 1 0.00416206 0 0 0 0
0 1 0.00388611 0 0 0 0
0 1 0.00318517 0 0 0 0
0 1 0.00392646 0 0 0 0
0 1 0.00319093 0 0 0 0
0 -1 0 0 0.00223339 0 0
0 1 0.00109 0 0 0 0
0 1 0.00217397 0 0 0 0
0 -1 0 0 0.00417825 0 0
0 -1 0 0 0.00446912 0 0
0 -1 0 0 0.00309467 0 0
0 1 0.00140419 0 0 0 0
0 -1 0 0 0.00123221 0 0
0 -1 0 0 0.00121384 0 0
0 -1 0 0 0.00223918 0 0
0 -1 0 0 0.00454099 0 0
0 -1 0 0 0.00348649 0 0
0 -1 0 0 0.00313947 0 0
0 -1 0 0 0.00262083 0 0
0 1 0.00529153 0 0 0 0
0 -1 0 0 0.00368978 0 0
0 1 0.0038548 0 0 0 0
0 -1 0 0 0.00349568 0 0
0 -1 0 0 0.00380344 0 0
0 1 0.00153471 0 0 0 0
0 1 0.00322958 0 0 0 0
0 1 0.00486927 0 0 0 0
0 -1 0 0 0.00527095 0 0
0 -1 0 0 0.00610909 0 0
0 1 0.00382404 0 0 0 0
0 1 0.00308203 0 0 0 0
0 1 0.00271503 0 0 0 0
0 -2 0 0.00134727 0 0 0
0 -2 0 0.00134415 0 0 0
0 1 0.000786173 0 0 0 0
0 -2 0 0.00122831 0 0 0
0 -1 0 0 0.00161239 0 0
0 -1 0 0 0.00191259 0 0
0 1 0.00202196 0 0 0 0
0 -1 0 0 0.0025944 0 0
0 1 0.00315214 0 0 0 0
0 -1 0 0 0.00305996 0 0
0 -1 0 0 0.00349915 0 0
0 1 0.00093322 0 0 0 0
0 1 0.00445057 0 0 0 0
0 1 0.00324827 0 0 0 0
0 -1 0 0 0.00384974 0 0
0 1 0.00332698 0 0 0 0
0 1 0.00133839 0 0 0 0
0 -1 0 0 0.00377196 0 0
0 1 0.00554717 0 0 0 0
0 1 0.00848825 0 0 0 0
0 1 0.00828986 0 0 0 0
0 1 0.00900217 0 0 0 0
0 1 0.00895056 0 0 0 0
0 1 0.00430491 0 0 0 0
0 1 0.00303348 0 0 0 0
0 -1 0 0 0.00336704 0 0
0 1 0.00377224 0 0 0 0
0 1 0.00329993 0 0 0 0
0 -1 0 0 0.00391198 0 0
0 -1 0 0 0.00340541 0 0
0 -1 0 0 0.00305632 0 0
0 -1 0 0 0.00291789 0 0
0 -1 0 0 0.00362478 0 0
0 1 0.00285659 0 0 0 0
0 1 0.00270471 0 0 0 0
0 1 0.00338257 0 0 0 0
0 1 0.00194136 0 0 0 0
0 -1 0 0 0.00383403 0 0
0 -1 0 0 0.00299459 0 0
0 -2 0 0.00190659 0 0 0
0 -1 0 0 0.00274027 0 0
0 -2 0 0.00206043 0 0 0
0 1 0.00399869 0 0 0 0
0 -1 0 0 0.00328854 0 0
0 1 0.00450327 0 0 0 0
0 1 0.00361396 0 0 0 0
0 1 0.00109696 0 0 0 0
0 1 0.000492772 0 0 0 0
0 1 0.00190772 0 0 0 0
0 -1 0 0 0.00359106 0 0
0 -1 0 0 0.00289765 0 0
0 -1 0 0 0.00276756 0 0
0 -1 0 0 0.00288086 0 0
0 1 0.00292726 0 0 0 0
0 1 0.00256436 0 0 0 0
0 -1 0 0 0.00315993 0 0
0 1 0.00137609 0 0 0 0
0 -1 0 0 0.00268495 0 0
0 1 0.00427001 0 0 0 0
0 1 0.00134642 0 0 0 0
0 -1 0 0 0.000754352 0 0
0 1 0.00021835 0 0 0 0
0 1 0.00220797 0 0 0 0
0 1 0.00540682 0 0 0 0
0 -2 0 0.00199585 0 0 0
0 1 0.00371903 0 0 0 0
0 1 0.00531117 0 0 0 0
0 1 0.00435354 0 0 0 0
0 1 0.00463882 0 0 0 0
0 1 0.00429896 0 0 0 0
0 1 0.00372032 0 0 0 0
0 1 0.00495505 0 0 0 0
0 -1 0 0 0.00331865 0 0
0 -1 0 0 0.00309467 0 0
0 1 0.00348466 0 0 0 0
0 -1 0 0 0.00307655 0 0
0 1 0.00370942 0 0 0 0
0 1 0.00263436 0 0 0 0
0 1 0.000341154 0 0 0 0
0 -1 0 0 0.00387771 0 0
0 1 0.00249443 0 0 0 0
0 -1 0 0 0.00309386 0 0
0 -1 0 0 0.00338626 0 0
0 1 0.00264965 0 0 0 0
0 1 0.00382469 0 0 0 0
0 -1 0 0 0.00402767 0 0
0 1 0.00187562 0 0 0 0
0 -1 0 0 0.00398977 0 0
0 1 0.00409765 0 0 0 0
0 -1 0 0 0.00504318 0 0
0 1 0.00393318 0 0 0 0
0 -1 0 0 0.00142621 0 0
0 -1 0 0 0.00324964 0 0
0 -1 0 0 0.00290086 0 0
0 -1 0 0 0.00303542 0 0
0 -2 0 0.00138983 0 0 0
0 1 0.00189903 0 0 0 0
0 1 0.00010633 0 0 0 0
0 -1 0 0 0.000239294 0 0
0 -1 0 0 0.000979336 0 0
0 1 0.00358297 0 0 0 0
0 1 0.00353037 0 0 0 0
0 1 0.0018182 0 0 0 0
0 -1 0 0 0.00321547 0 0
0 1 0.00391246 0 0 0 0
0 1 0.00480223 0 0 0 0
0 -2 0 0.00213836 0 0 0
0 1 0.00421372 0 0 0 0
0 1 0.00389101 0 0 0 0
0 1 0.00422843 0 0 0 0
0 1 0.00349323 0 0 0 0
0 -1 0 0 0.00320869 0 0
0 -2 0 0.00200484 0 0 0
0 -2 0 0.00216682 0 0 0
0 1 0.00128 0 0 0 0
0 -1 0 0 0.00156333 0 0
0 -1 0 0 0.00193035 0 0
0 1 0.00179395 0 0 0 0
0 1 0.00517927 0 0 0 0
0 1 0.00511523 0 0 0 0
0 1 0.00451791 0 0 0 0
0 1 0.00509415 0 0 0 0
0 1 0.000101283 0 0 0 0
0 1 2.57693e-08 0 0 0 0
0 -1 0 0 0.000258562 0 0
0 -1 0 0 0.00122191 0 0
0 -1 0 0 0.00298313 0 0
0 -1 0 0 0.00272916 0 0
0 -1 0 0 0.00353313 0 0
0 -2 0 0.00190528 0 0 0
0 -2 0 0.00204437 0 0 0
0 -1 0 0 0.00283276 0 0
0 -1 0 0 0.0024716 0 0
0 -1 0 0 0.00304402 0 0
0 -1 0 0 0.00312909 0 0
0 -1 0 0 0.00265248 0 0
0 1 0.00319304 0 0 0 0
0 1 0.00421218 0 0 0 0
0 1 0.00346166 0 0 0 0
0 1 0.00446148 0 0 0 0
0 1 0.00374683 0 0 0 0
0 1 0.00325576 0 0 0 0
0 -2 0 0.00213143 0 0 0
0 -1 0 0 0.00301645 0 0
0 -1 0 0 0.0029152 0 0
0 -2 0 0.00195034 0 0 0
0 -2 0 0.00217596 0 0 0
0 1 0.00550052 0 0 0 0
0 -2 0 0.00208441 0 0 0
0 -2 0 0.00198414 0 0 0
0 1 0.00221118 0 0 0 0
0 -1 0 0 0.00282495 0 0
0 1 0.00219094 0 0 0 0
0 -1 0 0 0.00293041 0 0
0 -1 0 0 0.00327842 0 0
0 1 0.00392265 0 0 0 0
0 1 0.00416206 0 0 0 0
0 1 0.00388611 0 0 0 0
0 1 0.00318517 0 0 0 0
0 1 0.00392646 0 0 0 0
0 1 0.00319093 0 0 0 0
0 -1 0 0 0.00223339 0 0
0 1 0.00109 0 0 0 0
0 1 0.00217397 0 0 0 0
0 -1 0 0 0.00417825 0 0
0 -1 0 0 0.00446912 0 0
0 -1 0 0 0.00309467 0 0
0 1 0.00140419 0 0 0 0
0 -1 0 0 0.00123221 0 0
0 -1 0 0 0.00121384 0 0
0 -1 0 0 0.00223918 0 0
0 -1 0 0 0.00454099 0 0
0 -1 0 0 0.00348649 0 0
0 -1 0 0 0.00313947 0 0
0 -1 0 0 0.00262083 0 0
0 1 0.00529153 0 0 0 0
0 -1 0 0 0.00368978 0 0
0 1 0.0038548 0 0 0 0
0 -1 0 0 0.00349568 0 0
0 -1 0 0 0.00380344 0 0
0 1 0.00153471 0 0 0 0
0 1 0.00322958 0 0 0 0
0 1 0.00486927 0 0 0 0
0 -1 0 0 0.00527095 0 0
0 -1 0 0 0.00610909 0 0
0 1 0.00382404 0 0 0 0
0 1 0.00308203 0 0 0 0
0 1 0.00271503 0 0 0 0
0 -2 0 0.00134727 0 0 0
0 -2 0 0.00134415 0 0 0
0 1 0.000786173 0 0 0 0
0 -2 0 0.00122831 0 0 0
0 -1 0 0 0.00161239 0 0
0 -1 0 0 0.00191259 0 0
0 1 0.00202196 0 0 0 0
0 -1 0 0 0.0025944 0 0
0 1 0.00315214 0 0 0 0
0 -1 0 0 0.00305996 0 0
0 -1 0 0 0.00349915 0 0
0 1 0.00093322 0 0 0 0
0 1 0.00445057 0 0 0 0
0 1 0.00324827 0 0 0 0
0 -1 0 0 0.00384974 0 0
0 1 0.00332698 0 0 0 0
0 1 0.00133839 0 0 0 0
0 -1 0 0 0.00377196 0 0
0 1 0.00554717 0 0 0 0
0 1 0.00848825 0 0 0 0
0 1 0.00828986 0 0 0 0
0 1 0.00900217 0 0 0 0
0 1 0.00895056 0 0 0 0
0 1 0.00430491 0 0 0 0
0 1 0.00303348 0 0 0 0
0 -1 0 0 0.00336704 0 0
0 1 0.00377224 0 0 0 0
0 1 0.00329993 0 0 0 0
0 -1 0 0 0.00391198 0 0
0 -1 0 0 0.00340541 0 0
0 -1 0 0 0.00305632 0 0
0 -1 0 0 0.00291789 0 0
0 -1 0 0 0.00362478 0 0
0 1 0.00285659 0 0 0 0
0 1 0.00270471 0 0 0 0
0 1 0.00338257 0 0 0 0
0 1 0.00194136 0 0 0 0
0 -1 0 0 0.00383403 0 0
0 -1 0 0 0.00299459 0 0
0 -2 0 0.00190659 0 0 0
0 -1 0 0 0.00274027 0 0
0 -2 0 0.00206043 0 0 0
0 1 0.00399869 0 0 0 0
0 -1 0 0 0.00328854 0 0
0 1 0.00450327 0 0 0 0
0 1 0.00361396 0 0 0 0
0 1 0.00109696 0 0 0 0
0 1 0.000492772 0 0 0 0
0 1 0.00190772 0 0 0 0
0 -1 0 0 0.00359106 0 0
0 -1 0 0 0.00289765 0 0
0 -1 0 0 0.00276756 0 0
0 -1 0 0 0.00288086 0 0
0 1 0.00292726 0 0 0 0
0 1 0.00256436 0 0 0 0
0 -1 0 0 0.00315993 0 0
0 1 0.00137609 0 0 0 0
0 -1 0 0 0.00268495 0 0
0 1 0.00427001 0 0 0 0
0 1 0.00134642 0 0 0 0
0 -1 0 0 0.000754352 0 0
0 1 0.00021835 0 0 0 0
0 1 0.00220797 0 0 0 0
0 1 0.00540682 0 0 0 0
0 -2 0 0.00199585 0 0 0
0 1 0.00328055 0 0 0 0
0 -1 0 0 0.00298131 0 0
0 1 0.00410665 0 0 0 0
0 1 0.00325256 0 0 0 0
0 1 0.00496156 0 0 0 0
0 1 0.00448787 0 0 0 0
0 -1 0 0 0.00294856 0 0
0 -1 0 0 0.00299079 0 0
0 1 0.00390941 0 0 0 0
0 -2 0 0.00211148 0 0 0
0 -2 0 0.00212883 0 0 0
0 -2 0 0.00211603 0 0 0
0 1 0.00393864 0 0 0 0
0 -1 0 0 0.00233792 0 0
0 -1 0 0 0.00225208 0 0
0 -2 0 0.00182266 0 0 0
0 -2 0 0.00213429 0 0 0
0 1 0.00236371 0 0 0 0
0 -1 0 0 0.00295218 0 0
0 -1 0 0 0.0029379 0 0
0 1 0.00317775 0 0 0 0
0 1 0.00293199 0 0 0 0
0 1 0.00343031 0 0 0 0
0 1 0.00158737 0 0 0 0
0 -1 0 0 0.00110901 0 0
0 -1 0 0 9.83112e-07 0 0
0 -1 0 0 9.29045e-07 0 0
0 1 2.78414e-08 0 0 0 0
0 1 0.000300834 0 0 0 0
0 1 0.00125144 0 0 0 0
0 1 0.0010525 0 0 0 0
0 1 0.000758418 0 0 0 0
0 1 0.000152393 0 0 0 0
0 -1 0 0 0.00171659 0 0
0 -1 0 0 0.00381677 0 0
0 1 0.00375843 0 0 0 0
0 -1 0 0 0.00301333 0 0
0 -1 0 0 0.00368434 0 0
0 1 0.0038115 0 0 0 0
0 1 0.00492194 0 0 0 0
0 -1 0 0 0.00309028 0 0
0 -1 0 0 0.00305073 0 0
0 1 0.0016741 0 0 0 0
0 -1 0 0 0.0042556 0 0
0 -1 0 0 0.00494246 0 0
0 -1 0 0 0.00574013 0 0
0 1 0.00548479 0 0 0 0
0 -1 0 0 0.0053604 0 0
0 1 0.00502897 0 0 0 0
0 1 0.00147047 0 0 0 0
0 -1 0 0 0.00505008 0 0
0 -1 0 0 0.00447699 0 0
0 1 0.00354197 0 0 0 0
0 1 0.00164405 0 0 0 0
0 1 0.00347001 0 0 0 0
0 -1 0 0 0.00318995 0 0
0 -1 0 0 0.00340221 0 0
0 1 0.00542782 0 0 0 0
0 1 0.00386787 0 0 0 0
0 1 0.00396357 0 0 0 0
0 1 0.00128183 0 0 0 0
0 1 0.000867312 0 0 0 0
0 -1 0 0 0.00182295 0 0
0 1 0.000488637 0 0 0 0
0 -1 0 0 0.00140901 0 0
0 1 4.53347e-05 0 0 0 0
0 1 0.000221398 0 0 0 0
0 1 1.25318e-05 0 0 0 0
0 -1 0 0 1.59526e-06 0 0
0 -1 0 0 0.00148534 0 0
0 1 0.000341991 0 0 0 0
0 1 0.000383723 0 0 0 0
0 1 0.00109841 0 0 0 0
0 1 0.00331655 0 0 0 0
0 1 0.00401776 0 0 0 0
0 1 0.00424284 0 0 0 0
0 -1 0 0 0.000735612 0 0
0 1 0.00158599 0 0 0 0
0 1 0.00172159 0 0 0 0
0 1 0.00281317 0 0 0 0
0 1 0.00384773 0 0 0 0
0 1 0.0080256 0 0 0 0
0 1 0.00468401 0 0 0 0
0 1 0.00489504 0 0 0 0
0 1 0.00330357 0 0 0 0
0 -1 0 0 0.002545 0 0
0 1 0.00236813 0 0 0 0
0 1 0.00205709 0 0 0 0
0 1 0.00293455 0 0 0 0
0 -1 0 0 0.000906901 0 0
0 -1 0 0 0.00267687 0 0
0 -1 0 0 0.00280222 0 0
0 1 0.000578856 0 0 0 0
0 1 0.00133831 0 0 0 0
0 1 0.00449404 0 0 0 0
0 1 0.00514734 0 0 0 0
0 -1 0 0 0.00405664 0 0
0 -1 0 0 0.00278109 0 0
0 -1 0 0 0.00266176 0 0
0 -1 0 0 0.00235414 0 0
0 1 0.00254457 0 0 0 0
0 -1 0 0 0.00451399 0 0
0 1 8.96775e-05 0 0 0 0
0 1 0.000234775 0 0 0 0
0 1 0.00462397 0 0 0 0
0 1 0.0048996 0 0 0 0
0 1 0.000897402 0 0 0 0
0 1 0.00289329 0 0 0 0
0 1 0.00208503 0 0 0 0
0 1 0.00220139 0 0 0 0
0 1 0.00414861 0 0 0 0
0 -1 0 0 0.00386941 0 0
0 -1 0 0 0.00275223 0 0
0 -1 0 0 0.00272775 0 0
0 -1 0 0 0.00496046 0 0
0 -1 0 0 0.00413204 0 0
0 -1 0 0 0.003281 0 0
0 1 0.00264834 0 0 0 0
0 -1 0 0 0.00197585 0 0
0 -1 0 0 0.00204962 0 0
0 1 0.00202305 0 0 0 0
0 1 0.00337467 0 0 0 0
0 1 0.00401759 0 0 0 0
0 -1 0 0 0.00234215 0 0
0 1 0.00228665 0 0 0 0
0 -1 0 0 0.0021825 0 0
0 -1 0 0 0.00229633 0 0
0 1 0.00370854 0 0 0 0
0 -1 0 0 0.0043942 0 0
0 -1 0 0 0.00489536 0 0
0 -1 0 0 0.00402407 0 0
0 -1 0 0 0.0041537 0 0
0 -1 0 0 0.00450422 0 0
0 1 0.00384449 0 0 0 0
0 1 0.000531417 0 0 0 0
0 1 0.00295051 0 0 0 0
0 -1 0 0 0.00254324 0 0
0 1 0.00321822 0 0 0 0
0 1 0.00079309 0 0 0 0
0 1 0.00270513 0 0 0 0
0 1 0.00475735 0 0 0 0
0 1 0.00428056 0 0 0 0
0 -1 0 0 0.00265257 0 0
0 -1 0 0 0.00284342 0 0
0 1 0.00298134 0 0 0 0
0 1 0.00449837 0 0 0 0
0 -1 0 0 0.0024118 0 0
0 -1 0 0 0.00360549 0 0
0 -1 0 0 0.0031996 0 0
0 1 0.00252925 0 0 0 0
0 1 0.00253311 0 0 0 0
0 1 0.00489887 0 0 0 0
0 1 0.00330688 0 0 0 0
0 -1 0 0 0.000809434 0 0
0 -1 0 0 0.00109645 0 0
0 1 0.000776804 0 0 0 0
0 -1 0 0 0.00276748 0 0
0 -1 0 0 0.00372528 0 0
0 -1 0 0 0.00196982 0 0
0 1 0.00337745 0 0 0 0
0 1 0.00305619 0 0 0 0
0 -1 0 0 0.0020268 0 0
0 -1 0 0 0.00348675 0 0
0 -1 0 0 0.00383055 0 0
0 1 0.00526095 0 0 0 0
0 1 0.0026783 0 0 0 0
0 -1 0 0 0.00376042 0 0
0 1 0.00441991 0 0 0 0
0 1 0.0050761 0 0 0 0
0 -1 0 0 0.00376053 0 0
0 1 0.00178441 0 0 0 0
0 -1 0 0 0.0050133 0 0
0 1 0.00456052 0 0 0 0
0 1 0.00397457 0 0 0 0
0 -1 0 0 0.00393909 0 0
0 1 0.00292976 0 0 0 0
0 1 0.00350332 0 0 0 0
0 1 0.00194782 0 0 0 0
0 -1 0 0 0.00170409 0 0
0 1 0.00173151 0 0 0 0
0 1 0.0050186 0 0 0 0
0 1 0.00110016 0 0 0 0
0 1 0.000917951 0 0 0 0
0 1 0.000935973 0 0 0 0
0 -1 0 0 0.00113576 0 0
0 1 0.00269487 0 0 0 0
0 1 0.00195387 0 0 0 0
0 -1 0 0 0.00209362 0 0
0 1 0.00284471 0 0 0 0
0 1 0.00280775 0 0 0 0
0 -1 0 0 0.00218744 0 0
0 -1 0 0 0.00252691 0 0
0 1 0.00137514 0 0 0 0
0 1 0.00288046 0 0 0 0
0 1 0.00321395 0 0 0 0
0 1 0.00392692 0 0 0 0
0 1 0.0025253 0 0 0 0
0 1 0.00627672 0 0 0 0
0 -1 0 0 0.00471735 0 0
0 1 0.00711439 0 0 0 0
0 1 0.00502549 0 0 0 0
0 1 0.00400492 0 0 0 0
0 1 0.0027757 0 0 0 0
0 1 0.00252906 0 0 0 0
0 -1 0 0 0.00337834 0 0
0 -1 0 0 0.00429428 0 0
0 1 0.000247729 0 0 0 0
0 -1 0 0 0.00409592 0 0
0 -1 0 0 0.00294388 0 0
0 -1 0 0 0.00312129 0 0
0 -1 0 0 0.000480333 0 0
0 1 0.00316866 0 0 0 0
0 -1 0 0 0.00283228 0 0
0 1 0.00264732 0 0 0 0
0 -1 0 0 0.00300912 0 0
0 -1 0 0 0.00508534 0 0
0 -1 0 0 0.00458869 0 0
0 1 0.00296701 0 0 0 0
0 1 0.00130662 0 0 0 0
0 1 0.00156052 0 0 0 0
0 1 0.0027363 0 0 0 0
0 -1 0 0 0.00148159 0 0
0 1 0.00886299 0 0 0 0
0 1 0.00851147 0 0 0 0
0 1 0.005383 0 0 0 0
0 1 0.00386374 0 0 0 0
0 1 0.00317735 0 0 0 0
0 1 0.00314284 0 0 0 0
0 1 0.00366973 0 0 0 0
0 -1 0 0 0.00490729 0 0
0 1 0.00371194 0 0 0 0
0 1 0.00129335 0 0 0 0
0 -1 0 0 0.00447454 0 0
0 1 0.00357634 0 0 0 0
0 1 0.00223705 0 0 0 0
0 1 0.00197208 0 0 0 0
0 1 0.00284453 0 0 0 0
0 1 0.0021413 0 0 0 0
0 -1 0 0 0.000182307 0 0
0 1 0.000199318 0 0 0 0
0 2 0 0 0 1.58268e-157 0
0 2 0 0 0 1.58268e-157 0
0 -1 0 0 0.000887318 0 0
0 1 0.00102341 0 0 0 0
0 1 0.00391514 0 0 0 0
0 1 0.00333914 0 0 0 0
0 1 0.00335358 0 0 0 0
0 1 0.00222317 0 0 0 0
0 1 0.00288645 0 0 0 0
0 1 0.0014609 0 0 0 0
0 1 0.00186099 0 0 0 0
0 1 0.000838864 0 0 0 0
0 1 0.00180506 0 0 0 0
0 1 0.00109758 0 0 0 0
0 1 0.00410229 0 0 0 0
0 1 0.00334688 0 0 0 0
0 1 0.00275894 0 0 0 0
0 1 0.00302419 0 0 0 0
0 -1 0 0 0.0054274 0 0
0 1 0.00821995 0 0 0 0
0 -1 0 0 0.00766763 0 0
0 -1 0 0 0.00504939 0 0
0 1 0.00684199 0 0 0 0
0 -1 0 0 0.00761691 0 0
0 1 0.0067308 0 0 0 0
0 -1 0 0 0.00904551 0 0
0 -1 0 0 0.00520581 0 0
0 1 0.00733875 0 0 0 0
0 -1 0 0 0.00667674 0 0
0 1 0.00496873 0 0 0 0
0 -1 0 0 0.0059686 0 0
0 1 0.0023214 0 0 0 0
0 -1 0 0 0.00398614 0 0
0 1 0.00324259 0 0 0 0
0 -1 0 0 0.00101551 0 0
0 1 0.00278834 0 0 0 0
0 -1 0 0 0.00357855 0 0
0 -1 0 0 0.00173655 0 0
0 1 0.00583842 0 0 0 0
0 -1 0 0 0.00704722 0 0
0 1 0.00465341 0 0 0 0
0 1 0.00503536 0 0 0 0
0 1 0.0107453 0 0 0 0
0 -1 0 0 0.00320839 0 0
0 -1 0 0 0.00356416 0 0
0 -1 0 0 0.00105591 0 0
0 1 0.00340546 0 0 0 0
0 1 0.0044926 0 0 0 0
0 1 0.00443939 0 0 0 0
0 1 0.00268 0 0 0 0
0 1 0.00298264 0 0 0 0
0 1 0.00260024 0 0 0 0
0 1 0.00198039 0 0 0 0
0 1 0.00222063 0 0 0 0
0 1 0.00208747 0 0 0 0
0 1 0.00134111 0 0 0 0
0 1 0.000567479 0 0 0 0
0 1 0.0027832 0 0 0 0
0 1 0.00212755 0 0 0 0
0 1 0.00200274 0 0 0 0
0 -1 0 0 0.00390435 0 0
0 1 0.00417396 0 0 0 0
0 1 0.00457567 0 0 0 0
0 -1 0 0 0.00372966 0 0
0 -1 0 0 0.00437821 0 0
0 -1 0 0 0.00514033 0 0
0 -1 0 0 0.00444144 0 0
0 -1 0 0 0.00275177 0 0
0 1 0.00288182 0 0 0 0
0 1 0.00226449 0 0 0 0
0 1 0.000634962 0 0 0 0
0 1 0.00329109 0 0 0 0
0 1 0.0037781 0 0 0 0
0 1 0.00219669 0 0 0 0
0 1 0.00430691 0 0 0 0
0 1 0.00431363 0 0 0 0
0 1 0.00461941 0 0 0 0
0 1 0.0044595 0 0 0 0
0 1 0.00491462 0 0 0 0
0 1 0.00698163 0 0 0 0
0 1 0.00661156 0 0 0 0
0 1 0.0024844 0 0 0 0
0 1 0.00357132 0 0 0 0
0 -1 0 0 0.00126437 0 0
0 -1 0 0 0.00174597 0 0
0 -1 0 0 0.00171007 0 0
0 1 0.00153003 0 0 0 0
0 1 0.00222721 0 0 0 0
0 -1 0 0 7.26703e-06 0 0
0 1 6.82378e-07 0 0 0 0
0 1 0.00316448 0 0 0 0
0 1 0.00482363 0 0 0 0
0 1 0.00752419 0 0 0 0
0 1 0.00662233 0 0 0 0
0 1 0.00492966 0 0 0 0
0 -1 0 0 0.00451875 0 0
0 1 0.00462426 0 0 0 0
0 -1 0 0 0.00387175 0 0
0 -1 0 0 0.00854678 0 0
0 1 0.00587128 0 0 0 0
0 -1 0 0 0.0029764 0 0
0 -1 0 0 0.00164256 0 0
0 -1 0 0 6.67411e-05 0 0
0 -1 0 0 0.000584612 0 0
0 -1 0 0 0.00344587 0 0
0 1 0.00361915 0 0 0 0
0 -1 0 0 2.8224e-05 0 0
0 1 0.00252794 0 0 0 0
0 -1 0 0 0.000356976 0 0
0 -1 0 0 0.00388752 0 0
0 1 0.00394854 0 0 0 0
0 -1 0 0 0.00492263 0 0
0 -1 0 0 0.0061851 0 0
0 1 0.00371903 0 0 0 0
0 1 0.00531117 0 0 0 0
0 1 0.00435354 0 0 0 0
0 1 0.00463882 0 0 0 0
0 1 0.00429896 0 0 0 0
0 1 0.00372032 0 0 0 0
0 1 0.00495505 0 0 0 0
0 -1 0 0 0.00331865 0 0
0 -1 0 0 0.00309467 0 0
0 1 0.00348466 0 0 0 0
0 -1 0 0 0.00307655 0 0
0 1 0.00370942 0 0 0 0
0 1 0.00263436 0 0 0 0
0 1 0.000341154 0 0 0 0
0 -1 0 0 0.00387771 0 0
0 1 0.00249443 0 0 0 0
0 -1 0 0 0.00309386 0 0
0 -1 0 0 0.00338626 0 0
0 1 0.00264965 0 0 0 0
0 1 0.00382469 0 0 0 0
0 -1 0 0 0.00402767 0 0
0 1 0.00187562 0 0 0 0
0 -1 0 0 0.00398977 0 0
0 1 0.00409765 0 0 0 0
0 -1 0 0 0.00504318 0 0
0 1 0.00393318 0 0 0 0
0 -1 0 0 0.00142621 0 0
0 -1 0 0 0.00324964 0 0
0 -1 0 0 0.00290086 0 0
0 -1 0 0 0.00303542 0 0
0 -2 0 0.00138983 0 0 0
0 1 0.00189903 0 0 0 0
0 1 0.00010633 0 0 0 0
0 -1 0 0 0.000239294 0 0
0 -1 0 0 0.000979336 0 0
0 1 0.00358297 0 0 0 0
0 1 0.00353037 0 0 0 0
0 1 0.0018182 0 0 0 0
0 -1 0 0 0.00321547 0 0
0 1 0.00391246 0 0 0 0
0 1 0.00480223 0 0 0 0
0 -2 0 0.00213836 0 0 0
0 1 0.00421372 0 0 0 0
0 1 0.00389101 0 0 0 0
0 1 0.00422843 0 0 0 0
0 1 0.00349323 0 0 0 0
0 -1 0 0 0.00320869 0 0
0 -2 0 0.00200484 0 0 0
0 -2 0 0.00216682 0 0 0
0 1 0.00128 0 0 0 0
0 -1 0 0 0.00156333 0 0
0 -1 0 0 0.00193035 0 0
0 1 0.00179395 0 0 0 0
0 1 0.00517927 0 0 0 0
0 1 0.00511523 0 0 0 0
0 1 0.00451791 0 0 0 0
0 1 0.00509415 0 0 0 0
0 1 0.000101283 0 0 0 0
0 1 2.57693e-08 0 0 0 0
0 -1 0 0 0.000258562 0 0
0 -1 0 0 0.00122191 0 0
0 -1 0 0 0.00298313 0 0
0 -1 0 0 0.00272916 0 0
0 -1 0 0 0.00353313 0 0
0 -2 0 0.00190528 0 0 0
0 -2 0 0.00204437 0 0 0
0 -1 0 0 0.00283276 0 0
0 -1 0 0 0.0024716 0 0
0 -1 0 0 0.00304402 0 0
0 -1 0 0 0.00312909 0 0
0 -1 0 0 0.00265248 0 0
0 1 0.00319304 0 0 0 0
0 1 0.00421218 0 0 0 0
0 1 0.00346166 0 0 0 0
0 1 0.00446148 0 0 0 0
0 1 0.00374683 0 0 0 0
0 1 0.00325576 0 0 0 0
0 -2 0 0.00213143 0 0 0
0 -1 0 0 0.00301645 0 0
0 -1 0 0 0.0029152 0 0
0 -2 0 0.00195034 0 0 0
0 -2 0 0.00217596 0 0 0
0 1 0.00550052 0 0 0 0
0 -2 0 0.00208441 0 0 0
0 -2 0 0.00198414 0 0 0
0 1 0.00221118 0 0 0 0
0 -1 0 0 0.00282495 0 0
0 1 0.00219094 0 0 0 0
0 -1 0 0 0.00293041 0 0
0 -1 0 0 0.00327842 0 0
0 1 0.00392265 0 0 0 0
0 1 0.00416206 0 0 0 0
0 1 0.00388611 0 0 0 0
0 1 0.00318517 0 0 0 0
0 1 0.00392646 0 0 0 0
0 1 0.00319093 0 0 0 0
0 -1 0 0 0.00223339 0 0
0 1 0.00109 0 0 0 0
0 1 0.00217397 0 0 0 0
0 -1 0 0 0.00417825 0 0
0 -1 0 0 0.00446912 0 0
0 -1 0 0 0.00309467 0 0
0 1 0.00140419 0 0 0 0
0 -1 0 0 0.00123221 0 0
0 -1 0 0 0.00121384 0 0
0 -1 0 0 0.00223918 0 0
0 -1 0 0 0.00454099 0 0
0 -1 0 0 0.00348649 0 0
0 -1 0 0 0.00313947 0 0
0 -1 0 0 0.00262083 0 0
0 1 0.00529153 0 0 0 0
0 -1 0 0 0.00368978 0 0
0 1 0.0038548 0 0 0 0
0 -1 0 0 0.00349568 0 0
0 -1 0 0 0.00380344 0 0
0 1 0.00153471 0 0 0 0
0 1 0.00322958 0 0 0 0
0 1 0.00486927 0 0 0 0
0 -1 0 0 0.00527095 0 0
0 -1 0 0 0.00610909 0 0
0 1 0.00382404 0 0 0 0
0 1 0.00308203 0 0 0 0
0 1 0.00271503 0 0 0 0
0 -2 0 0.00134727 0 0 0
0 -2 0 0.00134415 0 0 0
0 1 0.000786173 0 0 0 0
0 -2 0 0.00122831 0 0 0
0 -1 0 0 0.00161239 0 0
0 -1 0 0 0.00191259 0 0
0 1 0.00202196 0 0 0 0
0 -1 0 0 0.0025944 0 0
0 1 0.00315214 0 0 0 0
0 -1 0 0 0.00305996 0 0
0 -1 0 0 0.00349915 0 0
0 1 0.00093322 0 0 0 0
0 1 0.00445057 0 0 0 0
0 1 0.00324827 0 0 0 0
0 -1 0 0 0.00384974 0 0
0 1 0.00332698 0 0 0 0
0 1 0.00133839 0 0 0 0
0 -1 0 0 0.00377196 0 0
0 1 0.00554717 0 0 0 0
0 1 0.00848825 0 0 0 0
0 1 0.00828986 0 0 0 0
0 1 0.00900217 0 0 0 0
0 1 0.00895056 0 0 0 0
0 1 0.00430491 0 0 0 0
0 1 0.00303348 0 0 0 0
0 -1 0 0 0.00336704 0 0
0 1 0.00377224 0 0 0 0
0 1 0.00329993 0 0 0 0
0 -1 0 0 0.00391198 0 0
0 -1 0 0 0.00340541 0 0
0 -1 0 0 0.00305632 0 0
0 -1 0 0 0.00291789 0 0
0 -1 0 0 0.00362478 0 0
0 1 0.00285659 0 0 0 0
0 1 0.00270471 0 0 0 0
0 1 0.00338257 0 0 0 0
0 1 0.00194136 0 0 0 0
0 -1 0 0 0.00383403 0 0
0 -1 0 0 0.00299459 0 0
0 -2 0 0.00190659 0 0 0
0 -1 0 0 0.00274027 0 0
0 -2 0 0.00206043 0 0 0
0 1 0.00399869 0 0 0 0
0 -1 0 0 0.00328854 0 0
0 1 0.00450327 0 0 0 0
0 1 0.00361396 0 0 0 0
0 1 0.00109696 0 0 0 0
0 1 0.000492772 0 0 0 0
0 1 0.00190772 0 0 0 0
0 -1 0 0 0.00359106 0 0
0 -1 0 0 0.00289765 0 0
0 -1 0 0 0.00276756 0 0
0 -1 0 0 0.00288086 0 0
0 1 0.00292726 0 0 0 0
0 1 0.00256436 0 0 0 0
0 -1 0 0 0.00315993 0 0
0 1 0.00137609 0 0 0 0
0 -1 0 0 0.00268495 0 0
0 1 0.00427001 0 0 0 0
0 1 0.00134642 0 0 0 0
0 -1 0 0 0.000754352 0 0
0 1 0.00021835 0 0 0 0
0 1 0.00220797 0 0 0 0
0 1 0.00540682 0 0 0 0
0 -2 0 0.00199585 0 0 0
