# The Best Parameter Set
# [alpha] [beta] [ks] [kt] [score]
1 1 1 1 0
# [label] [PRED] [DV 1] [DV -2] [DV -1] [DV 2] [DV 0]
0 1 0.000746014 0 0 0 0
0 -2 0 0.000421423 0 0 0
0 1 0.00184347 0 0 0 0
0 -1 0 0 0.000921423 0 0
0 -1 0 0 0.000772324 0 0
0 -1 0 0 0.00091058 0 0
0 1 0.000811688 0 0 0 0
0 1 0.00111463 0 0 0 0
0 1 0.00111463 0 0 0 0
0 -1 0 0 0.00117792 0 0
0 -1 0 0 0.00117792 0 0
0 -1 0 0 0.000846688 0 0
0 -1 0 0 0.000899377 0 0
0 -1 0 0 0.000846688 0 0
0 -1 0 0 0.000664777 0 0
0 -1 0 0 0.000768516 0 0
0 1 0.00175582 0 0 0 0
0 1 0.00140163 0 0 0 0
0 1 0.00175582 0 0 0 0
0 -1 0 0 0.000303402 0 0
0 1 0.000302068 0 0 0 0
0 2 0 0 0 0.000149927 0
0 1 0.00082202 0 0 0 0
0 -1 0 0 0.000690226 0 0
0 1 0.000711154 0 0 0 0
0 1 0.00085641 0 0 0 0
0 1 0.000231018 0 0 0 0
0 1 0.00024639 0 0 0 0
0 1 0.000247573 0 0 0 0
0 -2 0 0.000192098 0 0 0
0 -1 0 0 0.00224217 0 0
0 1 0.00371304 0 0 0 0
0 -1 0 0 0.00202322 0 0
0 1 0.00371304 0 0 0 0
0 -1 0 0 0.0016882 0 0
0 1 0.00125773 0 0 0 0
0 1 0.00117274 0 0 0 0
0 1 0.00117557 0 0 0 0
0 1 0.0018329 0 0 0 0
0 -1 0 0 0.00183855 0 0
0 1 0.00148748 0 0 0 0
0 1 0.00129817 0 0 0 0
0 -1 0 0 0.00108754 0 0
0 1 0.00274787 0 0 0 0
0 1 0.00214016 0 0 0 0
0 -1 0 0 0.000302833 0 0
0 -1 0 0 0.00031787 0 0
0 -2 0 0.000421423 0 0 0
0 -1 0 0 0.000773534 0 0
0 -1 0 0 0.00148246 0 0
0 1 0.00123828 0 0 0 0
0 1 0.00078004 0 0 0 0
0 -1 0 0 0.000821591 0 0
0 1 0.000750359 0 0 0 0
0 -1 0 0 0.00169745 0 0
0 1 0.00078004 0 0 0 0
0 -1 0 0 0.00164423 0 0
0 1 0.00143422 0 0 0 0
0 1 0.00074583 0 0 0 0
0 -1 0 0 0.00171568 0 0
0 -1 0 0 0.00214538 0 0
0 1 0.00172888 0 0 0 0
0 -1 0 0 0.00112809 0 0
0 1 0.0019087 0 0 0 0
0 1 0.00123949 0 0 0 0
0 -1 0 0 0.00139541 0 0
0 1 0.00168049 0 0 0 0
0 1 0.00107657 0 0 0 0
0 1 0.00136187 0 0 0 0
0 1 0.00184347 0 0 0 0
0 1 0.00137985 0 0 0 0
0 1 0.00136187 0 0 0 0
0 1 0.00122408 0 0 0 0
0 1 0.000941743 0 0 0 0
0 -2 0 0.000362127 0 0 0
0 1 0.000882829 0 0 0 0
0 -1 0 0 0.00117696 0 0
0 -1 0 0 0.00171568 0 0
0 1 0.0019087 0 0 0 0
0 -1 0 0 0.00195312 0 0
0 -1 0 0 0.00228136 0 0
0 -1 0 0 0.00198412 0 0
0 1 0.00307925 0 0 0 0
0 1 0.00381346 0 0 0 0
0 1 0.00149592 0 0 0 0
0 1 0.00163986 0 0 0 0
0 -1 0 0 0.00216607 0 0
0 -1 0 0 0.0012215 0 0
0 1 0.00187283 0 0 0 0
0 1 0.00163986 0 0 0 0
0 -1 0 0 0.00228136 0 0
0 1 0.00307925 0 0 0 0
0 1 0.00328113 0 0 0 0
0 1 0.00381346 0 0 0 0
0 -1 0 0 0.00101797 0 0
0 1 0.00115769 0 0 0 0
0 1 0.00151745 0 0 0 0
0 1 0.00185359 0 0 0 0
0 1 0.00185359 0 0 0 0
0 1 0.00316577 0 0 0 0
0 1 0.00316577 0 0 0 0
0 1 0.00104582 0 0 0 0
0 -1 0 0 0.00162711 0 0
0 1 0.00137985 0 0 0 0
0 -1 0 0 0.000693157 0 0
0 -1 0 0 0.00162711 0 0
0 1 0.00123958 0 0 0 0
0 1 0.00250723 0 0 0 0
0 1 0.00342197 0 0 0 0
0 1 0.00342197 0 0 0 0
0 -1 0 0 0.00111059 0 0
0 -1 0 0 0.00194312 0 0
0 -1 0 0 0.00194312 0 0
0 1 0.00174672 0 0 0 0
0 1 0.00250723 0 0 0 0
0 1 0.000887158 0 0 0 0
0 1 0.00213514 0 0 0 0
0 1 0.00213514 0 0 0 0
0 1 0.00212068 0 0 0 0
0 -1 0 0 0.00184176 0 0
0 -1 0 0 0.00184176 0 0
0 1 0.00212068 0 0 0 0
0 1 0.0016397 0 0 0 0
0 1 0.00114459 0 0 0 0
0 1 0.00108428 0 0 0 0
0 1 0.00314426 0 0 0 0
0 -1 0 0 0.00227317 0 0
0 1 0.00314426 0 0 0 0
0 1 0.00302931 0 0 0 0
0 1 0.00278176 0 0 0 0
0 -1 0 0 0.0016246 0 0
0 1 0.00256297 0 0 0 0
0 1 0.00256297 0 0 0 0
0 -1 0 0 0.00339062 0 0
0 -1 0 0 0.0012805 0 0
0 1 0.00278176 0 0 0 0
0 -1 0 0 0.00252484 0 0
0 1 0.002613 0 0 0 0
0 -1 0 0 0.00252484 0 0
0 1 0.001496 0 0 0 0
0 -1 0 0 0.000572501 0 0
0 1 0.000688392 0 0 0 0
0 1 0.000763466 0 0 0 0
0 -1 0 0 0.00339062 0 0
0 1 0.00202384 0 0 0 0
0 -1 0 0 0.00236813 0 0
0 1 0.0023038 0 0 0 0
0 1 0.00195036 0 0 0 0
0 1 0.000523618 0 0 0 0
0 -1 0 0 0.000852408 0 0
0 -1 0 0 0.0039421 0 0
0 1 0.00223096 0 0 0 0
0 -1 0 0 0.00228759 0 0
0 -1 0 0 0.0039421 0 0
0 1 0.00224359 0 0 0 0
0 1 0.00224359 0 0 0 0
0 1 0.000938005 0 0 0 0
0 -1 0 0 0.000490866 0 0
0 -1 0 0 0.00051478 0 0
0 1 0.00058612 0 0 0 0
0 1 0.000909822 0 0 0 0
0 1 0.00111064 0 0 0 0
0 1 0.00117274 0 0 0 0
0 1 0.00157749 0 0 0 0
0 1 0.00143829 0 0 0 0
0 1 0.00145158 0 0 0 0
0 1 0.000992463 0 0 0 0
0 1 0.00111064 0 0 0 0
0 -1 0 0 0.000973853 0 0
0 -1 0 0 0.00102857 0 0
0 1 0.000603473 0 0 0 0
0 -1 0 0 0.000598949 0 0
0 -1 0 0 0.000569913 0 0
0 1 0.000584576 0 0 0 0
0 -1 0 0 0.000321027 0 0
0 1 0.000497106 0 0 0 0
0 -1 0 0 0.000493721 0 0
0 1 0.00072058 0 0 0 0
0 1 0.00219347 0 0 0 0
0 1 0.0014446 0 0 0 0
0 -1 0 0 0.00183855 0 0
0 -1 0 0 0.0016882 0 0
0 -1 0 0 0.00224217 0 0
0 1 0.00145158 0 0 0 0
0 1 0.00125773 0 0 0 0
0 -1 0 0 0.001486 0 0
0 1 0.00274787 0 0 0 0
0 -1 0 0 0.001486 0 0
0 1 0.000746014 0 0 0 0
0 -2 0 0.000421423 0 0 0
0 1 0.00184347 0 0 0 0
0 -1 0 0 0.000921423 0 0
0 -1 0 0 0.000772324 0 0
0 -1 0 0 0.00091058 0 0
0 1 0.000811688 0 0 0 0
0 1 0.00111463 0 0 0 0
0 1 0.00111463 0 0 0 0
0 -1 0 0 0.00117792 0 0
0 -1 0 0 0.00117792 0 0
0 -1 0 0 0.000846688 0 0
0 -1 0 0 0.000899377 0 0
0 -1 0 0 0.000846688 0 0
0 -1 0 0 0.000664777 0 0
0 -1 0 0 0.000768516 0 0
0 1 0.00175582 0 0 0 0
0 1 0.00140163 0 0 0 0
0 1 0.00175582 0 0 0 0
0 -1 0 0 0.000303402 0 0
0 1 0.000302068 0 0 0 0
0 2 0 0 0 0.000149927 0
0 1 0.00082202 0 0 0 0
0 -1 0 0 0.000690226 0 0
0 1 0.000711154 0 0 0 0
0 1 0.00085641 0 0 0 0
0 1 0.000231018 0 0 0 0
0 1 0.00024639 0 0 0 0
0 1 0.000247573 0 0 0 0
0 -2 0 0.000192098 0 0 0
0 -1 0 0 0.00224217 0 0
0 1 0.00371304 0 0 0 0
0 -1 0 0 0.00202322 0 0
0 1 0.00371304 0 0 0 0
0 -1 0 0 0.0016882 0 0
0 1 0.00125773 0 0 0 0
0 1 0.00117274 0 0 0 0
0 1 0.00117557 0 0 0 0
0 1 0.0018329 0 0 0 0
0 -1 0 0 0.00183855 0 0
0 1 0.00148748 0 0 0 0
0 1 0.00129817 0 0 0 0
0 -1 0 0 0.00108754 0 0
0 1 0.00274787 0 0 0 0
0 1 0.00214016 0 0 0 0
0 -1 0 0 0.000302833 0 0
0 -1 0 0 0.00031787 0 0
0 -2 0 0.000421423 0 0 0
0 -1 0 0 0.000773534 0 0
0 -1 0 0 0.00148246 0 0
0 1 0.00123828 0 0 0 0
0 1 0.00078004 0 0 0 0
0 -1 0 0 0.000821591 0 0
0 1 0.000750359 0 0 0 0
0 -1 0 0 0.00169745 0 0
0 1 0.00078004 0 0 0 0
0 -1 0 0 0.00164423 0 0
0 1 0.00143422 0 0 0 0
0 1 0.00074583 0 0 0 0
0 -1 0 0 0.00171568 0 0
0 -1 0 0 0.00214538 0 0
0 1 0.00172888 0 0 0 0
0 -1 0 0 0.00112809 0 0
0 1 0.0019087 0 0 0 0
0 1 0.00123949 0 0 0 0
0 -1 0 0 0.00139541 0 0
0 1 0.00168049 0 0 0 0
0 1 0.00107657 0 0 0 0
0 1 0.00136187 0 0 0 0
0 1 0.00184347 0 0 0 0
0 1 0.00137985 0 0 0 0
0 1 0.00136187 0 0 0 0
0 1 0.00122408 0 0 0 0
0 1 0.000941743 0 0 0 0
0 -2 0 0.000362127 0 0 0
0 1 0.000882829 0 0 0 0
0 -1 0 0 0.00117696 0 0
0 -1 0 0 0.00171568 0 0
0 1 0.0019087 0 0 0 0
0 -1 0 0 0.00195312 0 0
0 -1 0 0 0.00228136 0 0
0 -1 0 0 0.00198412 0 0
0 1 0.00307925 0 0 0 0
0 1 0.00381346 0 0 0 0
0 1 0.00149592 0 0 0 0
0 1 0.00163986 0 0 0 0
0 -1 0 0 0.00216607 0 0
0 -1 0 0 0.0012215 0 0
0 1 0.00187283 0 0 0 0
0 1 0.00163986 0 0 0 0
0 -1 0 0 0.00228136 0 0
0 1 0.00307925 0 0 0 0
0 1 0.00328113 0 0 0 0
0 1 0.00381346 0 0 0 0
0 -1 0 0 0.00101797 0 0
0 1 0.00115769 0 0 0 0
0 1 0.00151745 0 0 0 0
0 1 0.00185359 0 0 0 0
0 1 0.00185359 0 0 0 0
0 1 0.00316577 0 0 0 0
0 1 0.00316577 0 0 0 0
0 1 0.00104582 0 0 0 0
0 -1 0 0 0.00162711 0 0
0 1 0.00137985 0 0 0 0
0 -1 0 0 0.000693157 0 0
0 -1 0 0 0.00162711 0 0
0 1 0.00123958 0 0 0 0
0 1 0.00250723 0 0 0 0
0 1 0.00342197 0 0 0 0
0 1 0.00342197 0 0 0 0
0 -1 0 0 0.00111059 0 0
0 -1 0 0 0.00194312 0 0
0 -1 0 0 0.00194312 0 0
0 1 0.00174672 0 0 0 0
0 1 0.00250723 0 0 0 0
0 1 0.000887158 0 0 0 0
0 1 0.00213514 0 0 0 0
0 1 0.00213514 0 0 0 0
0 1 0.00212068 0 0 0 0
0 -1 0 0 0.00184176 0 0
0 -1 0 0 0.00184176 0 0
0 1 0.00212068 0 0 0 0
0 1 0.0016397 0 0 0 0
0 1 0.00114459 0 0 0 0
0 1 0.00108428 0 0 0 0
0 1 0.00314426 0 0 0 0
0 -1 0 0 0.00227317 0 0
0 1 0.00314426 0 0 0 0
0 1 0.00302931 0 0 0 0
0 1 0.00278176 0 0 0 0
0 -1 0 0 0.0016246 0 0
0 1 0.00256297 0 0 0 0
0 1 0.00256297 0 0 0 0
0 -1 0 0 0.00339062 0 0
0 -1 0 0 0.0012805 0 0
0 1 0.00278176 0 0 0 0
0 -1 0 0 0.00252484 0 0
0 1 0.002613 0 0 0 0
0 -1 0 0 0.00252484 0 0
0 1 0.001496 0 0 0 0
0 -1 0 0 0.000572501 0 0
0 1 0.000688392 0 0 0 0
0 1 0.000763466 0 0 0 0
0 -1 0 0 0.00339062 0 0
0 1 0.00202384 0 0 0 0
0 -1 0 0 0.00236813 0 0
0 1 0.0023038 0 0 0 0
0 1 0.00195036 0 0 0 0
0 1 0.000523618 0 0 0 0
0 -1 0 0 0.000852408 0 0
0 -1 0 0 0.0039421 0 0
0 1 0.00223096 0 0 0 0
0 -1 0 0 0.00228759 0 0
0 -1 0 0 0.0039421 0 0
0 1 0.00224359 0 0 0 0
0 1 0.00224359 0 0 0 0
0 1 0.000938005 0 0 0 0
0 -1 0 0 0.000490866 0 0
0 -1 0 0 0.00051478 0 0
0 1 0.00058612 0 0 0 0
0 1 0.000909822 0 0 0 0
0 1 0.00111064 0 0 0 0
0 1 0.00117274 0 0 0 0
0 1 0.00157749 0 0 0 0
0 1 0.00143829 0 0 0 0
0 1 0.00145158 0 0 0 0
0 1 0.000992463 0 0 0 0
0 1 0.00111064 0 0 0 0
0 -1 0 0 0.000973853 0 0
0 -1 0 0 0.00102857 0 0
0 1 0.000603473 0 0 0 0
0 -1 0 0 0.000598949 0 0
0 -1 0 0 0.000569913 0 0
0 1 0.000584576 0 0 0 0
0 -1 0 0 0.000321027 0 0
0 1 0.000497106 0 0 0 0
0 -1 0 0 0.000493721 0 0
0 1 0.00072058 0 0 0 0
0 1 0.00219347 0 0 0 0
0 1 0.0014446 0 0 0 0
0 -1 0 0 0.00183855 0 0
0 -1 0 0 0.0016882 0 0
0 -1 0 0 0.00224217 0 0
0 1 0.00145158 0 0 0 0
0 1 0.00125773 0 0 0 0
0 -1 0 0 0.001486 0 0
0 1 0.00274787 0 0 0 0
0 -1 0 0 0.001486 0 0
0 1 0.000216736 0 0 0 0
0 1 0.000259741 0 0 0 0
0 2 0 0 0 0.00141691 0
0 1 0.00213191 0 0 0 0
0 -2 0 0.00147351 0 0 0
0 1 0.00348673 0 0 0 0
0 1 0.00320313 0 0 0 0
0 -1 0 0 0.00184689 0 0
0 -1 0 0 0.00181222 0 0
0 1 0.00404318 0 0 0 0
0 -1 0 0 0.00273628 0 0
0 -1 0 0 0.00273628 0 0
0 1 0.00193481 0 0 0 0
0 -1 0 0 0.00419065 0 0
0 -1 0 0 0.0040957 0 0
0 -1 0 0 0.00224835 0 0
0 2 0 0 0 0.00381355 0
0 -1 0 0 0.00225462 0 0
0 -2 0 0.00164608 0 0 0
0 1 0.00329775 0 0 0 0
0 -1 0 0 0.00208239 0 0
0 2 0 0 0 0.00113591 0
0 -1 0 0 0.00245047 0 0
0 1 0.00222085 0 0 0 0
0 -2 0 0.00164608 0 0 0
0 1 0.00260693 0 0 0 0
0 -1 0 0 0.00203299 0 0
0 1 0.00264156 0 0 0 0
0 -1 0 0 0.00217039 0 0
0 1 0.00197649 0 0 0 0
0 1 0.00260693 0 0 0 0
0 -2 0 0.00194982 0 0 0
0 2 0 0 0 0.00104905 0
0 -1 0 0 0.00187075 0 0
0 -1 0 0 0.00125914 0 0
0 -1 0 0 0.000317507 0 0
0 1 0.000681328 0 0 0 0
0 -2 0 0.000683221 0 0 0
0 2 0 0 0 0.000829818 0
0 1 0.00162968 0 0 0 0
0 1 0.00168402 0 0 0 0
0 1 0.00204527 0 0 0 0
0 -1 0 0 0.00250122 0 0
0 1 0.00191097 0 0 0 0
0 1 0.00348673 0 0 0 0
0 1 0.00297605 0 0 0 0
0 1 0.00315165 0 0 0 0
0 1 0.00315165 0 0 0 0
0 1 0.00232446 0 0 0 0
0 1 0.00282476 0 0 0 0
0 -1 0 0 0.00236098 0 0
0 -2 0 0.00147351 0 0 0
0 2 0 0 0 0.000664262 0
0 -1 0 0 0.00118933 0 0
0 -1 0 0 0.0016333 0 0
0 1 0.0010951 0 0 0 0
0 2 0 0 0 0.00133378 0
0 1 0.00246211 0 0 0 0
0 1 0.00213057 0 0 0 0
0 1 0.00246211 0 0 0 0
0 -1 0 0 0.000356609 0 0
0 1 0.000251103 0 0 0 0
0 1 0.000648922 0 0 0 0
0 -2 0 0.000697713 0 0 0
0 1 0.00169021 0 0 0 0
0 1 0.00163628 0 0 0 0
0 -1 0 0 0.00177091 0 0
0 -1 0 0 0.00201585 0 0
0 1 0.00278957 0 0 0 0
0 1 0.0027509 0 0 0 0
0 1 0.00155144 0 0 0 0
0 1 0.00288945 0 0 0 0
0 1 0.00288945 0 0 0 0
0 1 0.00179128 0 0 0 0
0 -1 0 0 0.00173558 0 0
0 2 0 0 0 0.00141691 0
0 1 0.00297605 0 0 0 0
0 1 0.0025247 0 0 0 0
0 1 0.00246356 0 0 0 0
0 -1 0 0 0.00181222 0 0
0 1 0.00404318 0 0 0 0
0 -1 0 0 0.0013635 0 0
0 -1 0 0 0.00135176 0 0
0 -1 0 0 0.00236098 0 0
0 1 0.0019961 0 0 0 0
0 -1 0 0 0.00137484 0 0
0 -1 0 0 0.00152268 0 0
0 -1 0 0 0.00158062 0 0
0 -1 0 0 0.00135934 0 0
0 -1 0 0 0.00186523 0 0
0 -1 0 0 0.00186523 0 0
0 1 0.00268137 0 0 0 0
0 2 0 0 0 0.00213687 0
0 1 0.00282476 0 0 0 0
0 1 0.00206297 0 0 0 0
0 -1 0 0 0.00157104 0 0
0 -1 0 0 0.00175742 0 0
0 1 0.00160556 0 0 0 0
0 -1 0 0 0.00118933 0 0
0 2 0 0 0 0.000938127 0
0 -1 0 0 0.00116878 0 0
0 1 0.00181521 0 0 0 0
0 1 0.00226209 0 0 0 0
0 -1 0 0 0.00211823 0 0
0 -1 0 0 0.00198466 0 0
0 -2 0 0.00101745 0 0 0
0 1 0.00114917 0 0 0 0
0 2 0 0 0 0.00130864 0
0 1 0.00169555 0 0 0 0
0 -1 0 0 0.00211823 0 0
0 -2 0 0.00132992 0 0 0
0 -1 0 0 0.00149811 0 0
0 -1 0 0 0.00136439 0 0
0 -1 0 0 0.00313263 0 0
0 -1 0 0 0.00268777 0 0
0 -1 0 0 0.00268777 0 0
0 -1 0 0 0.0028686 0 0
0 1 0.00121014 0 0 0 0
0 1 0.00181484 0 0 0 0
0 2 0 0 0 0.00109638 0
0 -2 0 0.00159922 0 0 0
0 -1 0 0 0.00220281 0 0
0 -1 0 0 0.00220281 0 0
0 -1 0 0 0.00102715 0 0
0 1 0.000452891 0 0 0 0
0 1 0.000893529 0 0 0 0
0 1 0.00101252 0 0 0 0
0 -1 0 0 0.00117235 0 0
0 1 0.000869741 0 0 0 0
0 -2 0 0.000667004 0 0 0
0 1 0.000877812 0 0 0 0
0 2 0 0 0 0.000664262 0
0 1 0.000991689 0 0 0 0
0 -1 0 0 0.00102433 0 0
0 1 0.00181484 0 0 0 0
0 1 0.00328345 0 0 0 0
0 -1 0 0 0.00208978 0 0
0 1 0.00333334 0 0 0 0
0 -1 0 0 0.00313263 0 0
0 1 0.00163526 0 0 0 0
0 -1 0 0 0.00168819 0 0
0 -1 0 0 0.00224835 0 0
0 2 0 0 0 0.00381355 0
0 1 0.00216865 0 0 0 0
0 -1 0 0 0.00254302 0 0
0 1 0.00274735 0 0 0 0
0 -1 0 0 0.00369806 0 0
0 -1 0 0 0.00369806 0 0
0 1 0.00274735 0 0 0 0
0 -1 0 0 0.00217039 0 0
0 -1 0 0 0.00204875 0 0
0 1 0.00333334 0 0 0 0
0 -2 0 0.00194982 0 0 0
0 1 0.00264156 0 0 0 0
0 -1 0 0 0.00208978 0 0
0 -1 0 0 0.00192922 0 0
0 2 0 0 0 0.00109638 0
0 -2 0 0.00127789 0 0 0
0 -1 0 0 0.0028686 0 0
0 1 0.00157607 0 0 0 0
0 -1 0 0 0.00179031 0 0
0 2 0 0 0 0.00126087 0
0 -1 0 0 0.0027734 0 0
0 2 0 0 0 0.00171681 0
0 1 0.0027509 0 0 0 0
0 -1 0 0 0.00158062 0 0
0 1 0.00179128 0 0 0 0
0 1 0.0019961 0 0 0 0
0 1 0.00262902 0 0 0 0
0 1 0.00237763 0 0 0 0
0 1 0.00246353 0 0 0 0
0 1 0.00241066 0 0 0 0
0 1 0.00191657 0 0 0 0
0 1 0.00120676 0 0 0 0
0 1 0.00121921 0 0 0 0
0 -2 0 0.00132992 0 0 0
0 -2 0 0.00145242 0 0 0
0 -1 0 0 0.00198466 0 0
0 1 0.00268137 0 0 0 0
0 1 0.00160556 0 0 0 0
0 1 0.00114917 0 0 0 0
0 1 0.00226209 0 0 0 0
0 -1 0 0 0.0016333 0 0
0 -1 0 0 0.00126208 0 0
0 1 0.00246353 0 0 0 0
0 1 0.00191657 0 0 0 0
0 1 0.00120676 0 0 0 0
0 2 0 0 0 0.00130864 0
0 -2 0 0.00101969 0 0 0
0 -1 0 0 0.00175742 0 0
0 1 0.0020148 0 0 0 0
0 -2 0 0.00123887 0 0 0
0 -1 0 0 0.00419065 0 0
0 -1 0 0 0.0040957 0 0
0 -1 0 0 0.0027734 0 0
0 1 0.00278957 0 0 0 0
0 1 0.00179972 0 0 0 0
0 1 0.00258279 0 0 0 0
0 1 0.00208248 0 0 0 0
0 -1 0 0 0.0019558 0 0
0 1 0.00366129 0 0 0 0
0 1 0.00366129 0 0 0 0
0 1 0.00235438 0 0 0 0
0 1 0.0022384 0 0 0 0
0 -1 0 0 0.00133498 0 0
0 -2 0 0.00145242 0 0 0
0 -1 0 0 0.00191096 0 0
0 2 0 0 0 0.00213687 0
0 1 0.00155144 0 0 0 0
0 1 0.00159591 0 0 0 0
0 1 0.00147037 0 0 0 0
0 -2 0 0.00119832 0 0 0
0 1 0.00145738 0 0 0 0
0 -1 0 0 0.00179031 0 0
0 1 0.00153111 0 0 0 0
0 -1 0 0 0.000752062 0 0
0 1 0.000523591 0 0 0 0
0 2 0 0 0 0.000541987 0
0 2 0 0 0 0.000603296 0
0 -1 0 0 0.00114374 0 0
0 2 0 0 0 0.000897844 0
0 1 0.00118348 0 0 0 0
0 -1 0 0 0.00107344 0 0
0 -2 0 0.000957148 0 0 0
0 2 0 0 0 0.00106022 0
0 1 0.00147859 0 0 0 0
0 2 0 0 0 0.00111014 0
0 1 0.00209024 0 0 0 0
0 -1 0 0 0.00139739 0 0
0 1 0.0017911 0 0 0 0
0 -1 0 0 0.00100991 0 0
0 1 0.00255078 0 0 0 0
0 1 0.00255078 0 0 0 0
0 -1 0 0 0.00175871 0 0
0 -1 0 0 0.00172465 0 0
0 -2 0 0.000563122 0 0 0
0 -1 0 0 0.00204445 0 0
0 1 0.00236984 0 0 0 0
0 1 0.00177232 0 0 0 0
0 -1 0 0 0.00204445 0 0
0 1 0.00236984 0 0 0 0
0 -1 0 0 0.00222168 0 0
0 -1 0 0 0.00193164 0 0
0 -1 0 0 0.00222168 0 0
0 1 0.00175175 0 0 0 0
0 -1 0 0 0.00193164 0 0
0 -1 0 0 0.00119504 0 0
0 1 0.00106968 0 0 0 0
0 -1 0 0 0.0021738 0 0
0 1 0.00247113 0 0 0 0
0 1 0.00247113 0 0 0 0
0 -1 0 0 0.00263772 0 0
0 -1 0 0 0.00263772 0 0
0 1 0.00236866 0 0 0 0
0 -1 0 0 0.00210778 0 0
0 1 0.00236866 0 0 0 0
0 1 0.0015049 0 0 0 0
0 1 0.00100471 0 0 0 0
0 -2 0 0.000672458 0 0 0
0 -1 0 0 0.00114374 0 0
0 2 0 0 0 0.00106022 0
0 1 0.0015049 0 0 0 0
0 1 0.000975422 0 0 0 0
0 -1 0 0 0.00112938 0 0
0 2 0 0 0 0.00111014 0
0 -1 0 0 0.00165892 0 0
0 -1 0 0 0.00223745 0 0
0 2 0 0 0 0.000645776 0
0 -1 0 0 0.00196924 0 0
0 -1 0 0 0.00130856 0 0
0 1 0.0017096 0 0 0 0
0 1 0.00203205 0 0 0 0
0 1 0.00422499 0 0 0 0
0 1 0.00408539 0 0 0 0
0 1 0.0031925 0 0 0 0
0 1 0.00303024 0 0 0 0
0 1 0.0008665 0 0 0 0
0 -1 0 0 0.00215342 0 0
0 -1 0 0 0.00132764 0 0
0 1 0.00291064 0 0 0 0
0 1 0.00309605 0 0 0 0
0 1 0.00364789 0 0 0 0
0 -2 0 0.00059961 0 0 0
0 1 0.00163163 0 0 0 0
0 -1 0 0 0.00209611 0 0
0 1 0.0016784 0 0 0 0
0 -1 0 0 0.00167527 0 0
0 -1 0 0 0.0023092 0 0
0 1 0.0016784 0 0 0 0
0 1 0.00104305 0 0 0 0
0 -1 0 0 0.00122746 0 0
0 1 0.00134559 0 0 0 0
0 2 0 0 0 0.0013948 0
0 -1 0 0 0.00137696 0 0
0 1 0.00144771 0 0 0 0
0 -2 0 0.00198269 0 0 0
0 1 0.00263193 0 0 0 0
0 1 0.00224017 0 0 0 0
0 1 0.00229915 0 0 0 0
0 1 0.00193495 0 0 0 0
0 2 0 0 0 0.00144888 0
0 -2 0 0.0016154 0 0 0
0 -2 0 0.00158311 0 0 0
0 1 0.00304299 0 0 0 0
0 -1 0 0 0.00196104 0 0
0 -1 0 0 0.00243457 0 0
0 -1 0 0 0.00250712 0 0
0 1 0.00149165 0 0 0 0
0 1 0.00143318 0 0 0 0
0 1 0.000922094 0 0 0 0
0 -1 0 0 0.000985233 0 0
0 -1 0 0 0.000973112 0 0
0 2 0 0 0 0.00154459 0
0 -1 0 0 0.00212488 0 0
0 1 0.00104129 0 0 0 0
0 -1 0 0 0.00064768 0 0
0 -1 0 0 0.00122746 0 0
0 2 0 0 0 0.00104504 0
0 2 0 0 0 0.00132984 0
0 -1 0 0 0.00231289 0 0
0 -1 0 0 0.00390894 0 0
0 1 0.00271948 0 0 0 0
0 1 0.00284686 0 0 0 0
0 -1 0 0 0.00293711 0 0
0 1 0.00258717 0 0 0 0
0 1 0.00379806 0 0 0 0
0 1 0.0021004 0 0 0 0
0 1 0.00206869 0 0 0 0
0 -1 0 0 0.00217153 0 0
0 -1 0 0 0.0016882 0 0
0 -1 0 0 0.00166831 0 0
0 1 0.00165838 0 0 0 0
0 -1 0 0 0.00145931 0 0
0 -1 0 0 0.0012813 0 0
0 1 0.00136741 0 0 0 0
0 1 0.00134559 0 0 0 0
0 2 0 0 0 0.00119993 0
0 2 0 0 0 0.0013948 0
0 -2 0 0.00109954 0 0 0
0 1 0.00166998 0 0 0 0
0 1 0.0011076 0 0 0 0
0 1 0.00166367 0 0 0 0
0 -2 0 0.00157825 0 0 0
0 1 0.00173493 0 0 0 0
0 1 0.000567581 0 0 0 0
0 -1 0 0 0.00082562 0 0
0 1 0.000834997 0 0 0 0
0 2 0 0 0 0.00132558 0
0 -1 0 0 0.0025308 0 0
0 1 0.00196005 0 0 0 0
0 1 0.00222823 0 0 0 0
0 2 0 0 0 0.00132558 0
0 -1 0 0 0.00213855 0 0
0 1 0.00213191 0 0 0 0
0 -2 0 0.00147351 0 0 0
0 1 0.00348673 0 0 0 0
0 1 0.00320313 0 0 0 0
0 -1 0 0 0.00184689 0 0
0 -1 0 0 0.00181222 0 0
0 1 0.00404318 0 0 0 0
0 -1 0 0 0.00273628 0 0
0 -1 0 0 0.00273628 0 0
0 1 0.00193481 0 0 0 0
0 -1 0 0 0.00419065 0 0
0 -1 0 0 0.0040957 0 0
0 -1 0 0 0.00224835 0 0
0 2 0 0 0 0.00381355 0
0 -1 0 0 0.00225462 0 0
0 -2 0 0.00164608 0 0 0
0 1 0.00329775 0 0 0 0
0 -1 0 0 0.00208239 0 0
0 2 0 0 0 0.00113591 0
0 -1 0 0 0.00245047 0 0
0 1 0.00222085 0 0 0 0
0 -2 0 0.00164608 0 0 0
0 1 0.00260693 0 0 0 0
0 -1 0 0 0.00203299 0 0
0 1 0.00264156 0 0 0 0
0 -1 0 0 0.00217039 0 0
0 1 0.00197649 0 0 0 0
0 1 0.00260693 0 0 0 0
0 -2 0 0.00194982 0 0 0
0 2 0 0 0 0.00104905 0
0 -1 0 0 0.00187075 0 0
0 -1 0 0 0.00125914 0 0
0 -1 0 0 0.000317507 0 0
0 1 0.000681328 0 0 0 0
0 -2 0 0.000683221 0 0 0
0 2 0 0 0 0.000829818 0
0 1 0.00162968 0 0 0 0
0 1 0.00168402 0 0 0 0
0 1 0.00204527 0 0 0 0
0 -1 0 0 0.00250122 0 0
0 1 0.00191097 0 0 0 0
0 1 0.00348673 0 0 0 0
0 1 0.00297605 0 0 0 0
0 1 0.00315165 0 0 0 0
0 1 0.00315165 0 0 0 0
0 1 0.00232446 0 0 0 0
0 1 0.00282476 0 0 0 0
0 -1 0 0 0.00236098 0 0
0 -2 0 0.00147351 0 0 0
0 2 0 0 0 0.000664262 0
0 -1 0 0 0.00118933 0 0
0 -1 0 0 0.0016333 0 0
0 1 0.0010951 0 0 0 0
0 2 0 0 0 0.00133378 0
0 1 0.00246211 0 0 0 0
0 1 0.00213057 0 0 0 0
0 1 0.00246211 0 0 0 0
0 -1 0 0 0.000356609 0 0
0 1 0.000251103 0 0 0 0
0 1 0.000648922 0 0 0 0
0 -2 0 0.000697713 0 0 0
0 1 0.00169021 0 0 0 0
0 1 0.00163628 0 0 0 0
0 -1 0 0 0.00177091 0 0
0 -1 0 0 0.00201585 0 0
0 1 0.00278957 0 0 0 0
0 1 0.0027509 0 0 0 0
0 1 0.00155144 0 0 0 0
0 1 0.00288945 0 0 0 0
0 1 0.00288945 0 0 0 0
0 1 0.00179128 0 0 0 0
0 -1 0 0 0.00173558 0 0
0 2 0 0 0 0.00141691 0
0 1 0.00297605 0 0 0 0
0 1 0.0025247 0 0 0 0
0 1 0.00246356 0 0 0 0
0 -1 0 0 0.00181222 0 0
0 1 0.00404318 0 0 0 0
0 -1 0 0 0.0013635 0 0
0 -1 0 0 0.00135176 0 0
0 -1 0 0 0.00236098 0 0
0 1 0.0019961 0 0 0 0
0 -1 0 0 0.00137484 0 0
0 -1 0 0 0.00152268 0 0
0 -1 0 0 0.00158062 0 0
0 -1 0 0 0.00135934 0 0
0 -1 0 0 0.00186523 0 0
0 -1 0 0 0.00186523 0 0
0 1 0.00268137 0 0 0 0
0 2 0 0 0 0.00213687 0
0 1 0.00282476 0 0 0 0
0 1 0.00206297 0 0 0 0
0 -1 0 0 0.00157104 0 0
0 -1 0 0 0.00175742 0 0
0 1 0.00160556 0 0 0 0
0 -1 0 0 0.00118933 0 0
0 2 0 0 0 0.000938127 0
0 -1 0 0 0.00116878 0 0
0 1 0.00181521 0 0 0 0
0 1 0.00226209 0 0 0 0
0 -1 0 0 0.00211823 0 0
0 -1 0 0 0.00198466 0 0
0 -2 0 0.00101745 0 0 0
0 1 0.00114917 0 0 0 0
0 2 0 0 0 0.00130864 0
0 1 0.00169555 0 0 0 0
0 -1 0 0 0.00211823 0 0
0 -2 0 0.00132992 0 0 0
0 -1 0 0 0.00149811 0 0
0 -1 0 0 0.00136439 0 0
0 -1 0 0 0.00313263 0 0
0 -1 0 0 0.00268777 0 0
0 -1 0 0 0.00268777 0 0
0 -1 0 0 0.0028686 0 0
0 1 0.00121014 0 0 0 0
0 1 0.00181484 0 0 0 0
0 2 0 0 0 0.00109638 0
0 -2 0 0.00159922 0 0 0
0 -1 0 0 0.00220281 0 0
0 -1 0 0 0.00220281 0 0
0 -1 0 0 0.00102715 0 0
0 1 0.000452891 0 0 0 0
0 1 0.000893529 0 0 0 0
0 1 0.00101252 0 0 0 0
0 -1 0 0 0.00117235 0 0
0 1 0.000869741 0 0 0 0
0 -2 0 0.000667004 0 0 0
0 1 0.000877812 0 0 0 0
0 2 0 0 0 0.000664262 0
0 1 0.000991689 0 0 0 0
0 -1 0 0 0.00102433 0 0
0 1 0.00181484 0 0 0 0
0 1 0.00328345 0 0 0 0
0 -1 0 0 0.00208978 0 0
0 1 0.00333334 0 0 0 0
0 -1 0 0 0.00313263 0 0
0 1 0.00163526 0 0 0 0
0 -1 0 0 0.00168819 0 0
0 -1 0 0 0.00224835 0 0
0 2 0 0 0 0.00381355 0
0 1 0.00216865 0 0 0 0
0 -1 0 0 0.00254302 0 0
0 1 0.00274735 0 0 0 0
0 -1 0 0 0.00369806 0 0
0 -1 0 0 0.00369806 0 0
0 1 0.00274735 0 0 0 0
0 -1 0 0 0.00217039 0 0
0 -1 0 0 0.00204875 0 0
0 1 0.00333334 0 0 0 0
0 -2 0 0.00194982 0 0 0
0 1 0.00264156 0 0 0 0
0 -1 0 0 0.00208978 0 0
0 -1 0 0 0.00192922 0 0
0 2 0 0 0 0.00109638 0
0 -2 0 0.00127789 0 0 0
0 -1 0 0 0.0028686 0 0
0 1 0.00157607 0 0 0 0
0 -1 0 0 0.00179031 0 0
0 2 0 0 0 0.00126087 0
0 -1 0 0 0.0027734 0 0
0 2 0 0 0 0.00171681 0
0 1 0.0027509 0 0 0 0
0 -1 0 0 0.00158062 0 0
0 1 0.00179128 0 0 0 0
0 1 0.0019961 0 0 0 0
0 1 0.00262902 0 0 0 0
0 1 0.00237763 0 0 0 0
0 1 0.00246353 0 0 0 0
0 1 0.00241066 0 0 0 0
0 1 0.00191657 0 0 0 0
0 1 0.00120676 0 0 0 0
0 1 0.00121921 0 0 0 0
0 -2 0 0.00132992 0 0 0
0 -2 0 0.00145242 0 0 0
0 -1 0 0 0.00198466 0 0
0 1 0.00268137 0 0 0 0
0 1 0.00160556 0 0 0 0
0 1 0.00114917 0 0 0 0
0 1 0.00226209 0 0 0 0
0 -1 0 0 0.0016333 0 0
0 -1 0 0 0.00126208 0 0
0 1 0.00246353 0 0 0 0
0 1 0.00191657 0 0 0 0
0 1 0.00120676 0 0 0 0
0 2 0 0 0 0.00130864 0
0 -2 0 0.00101969 0 0 0
0 -1 0 0 0.00175742 0 0
0 1 0.0020148 0 0 0 0
0 -2 0 0.00123887 0 0 0
0 -1 0 0 0.00419065 0 0
0 -1 0 0 0.0040957 0 0
0 -1 0 0 0.0027734 0 0
0 1 0.00278957 0 0 0 0
0 1 0.00179972 0 0 0 0
0 1 0.00258279 0 0 0 0
0 1 0.00208248 0 0 0 0
0 -1 0 0 0.0019558 0 0
0 1 0.00366129 0 0 0 0
0 1 0.00366129 0 0 0 0
0 1 0.00235438 0 0 0 0
0 1 0.0022384 0 0 0 0
0 -1 0 0 0.00133498 0 0
0 -2 0 0.00145242 0 0 0
0 -1 0 0 0.00191096 0 0
0 2 0 0 0 0.00213687 0
0 1 0.00155144 0 0 0 0
0 1 0.00159591 0 0 0 0
0 1 0.00147037 0 0 0 0
0 -2 0 0.00119832 0 0 0
0 1 0.00145738 0 0 0 0
0 -1 0 0 0.00179031 0 0
0 1 0.00153111 0 0 0 0
0 -1 0 0 0.000752062 0 0
0 1 0.000523591 0 0 0 0
0 2 0 0 0 0.000541987 0
0 2 0 0 0 0.000603296 0
0 -1 0 0 0.00114374 0 0
0 2 0 0 0 0.000897844 0
0 1 0.00118348 0 0 0 0
0 -1 0 0 0.00107344 0 0
0 -2 0 0.000957148 0 0 0
0 2 0 0 0 0.00106022 0
0 1 0.00147859 0 0 0 0
0 2 0 0 0 0.00111014 0
0 1 0.00209024 0 0 0 0
0 -1 0 0 0.00139739 0 0
0 1 0.0017911 0 0 0 0
0 -1 0 0 0.00100991 0 0
0 1 0.00255078 0 0 0 0
0 1 0.00255078 0 0 0 0
0 -1 0 0 0.00175871 0 0
0 -1 0 0 0.00172465 0 0
0 -2 0 0.000563122 0 0 0
0 -1 0 0 0.00204445 0 0
0 1 0.00236984 0 0 0 0
0 1 0.00177232 0 0 0 0
0 -1 0 0 0.00204445 0 0
0 1 0.00236984 0 0 0 0
0 -1 0 0 0.00222168 0 0
0 -1 0 0 0.00193164 0 0
0 -1 0 0 0.00222168 0 0
0 1 0.00175175 0 0 0 0
0 -1 0 0 0.00193164 0 0
0 -1 0 0 0.00119504 0 0
0 1 0.00106968 0 0 0 0
0 -1 0 0 0.0021738 0 0
0 1 0.00247113 0 0 0 0
0 1 0.00247113 0 0 0 0
0 -1 0 0 0.00263772 0 0
0 -1 0 0 0.00263772 0 0
0 1 0.00236866 0 0 0 0
0 -1 0 0 0.00210778 0 0
0 1 0.00236866 0 0 0 0
0 1 0.0015049 0 0 0 0
0 1 0.00100471 0 0 0 0
0 -2 0 0.000672458 0 0 0
0 -1 0 0 0.00114374 0 0
0 2 0 0 0 0.00106022 0
0 1 0.0015049 0 0 0 0
0 1 0.000975422 0 0 0 0
0 -1 0 0 0.00112938 0 0
0 2 0 0 0 0.00111014 0
0 -1 0 0 0.00165892 0 0
0 -1 0 0 0.00223745 0 0
0 2 0 0 0 0.000645776 0
0 -1 0 0 0.00196924 0 0
0 -1 0 0 0.00130856 0 0
0 1 0.0017096 0 0 0 0
0 1 0.00203205 0 0 0 0
0 1 0.00422499 0 0 0 0
0 1 0.00408539 0 0 0 0
0 1 0.0031925 0 0 0 0
0 1 0.00303024 0 0 0 0
0 1 0.0008665 0 0 0 0
0 -1 0 0 0.00215342 0 0
0 -1 0 0 0.00132764 0 0
0 1 0.00291064 0 0 0 0
0 1 0.00309605 0 0 0 0
0 1 0.00364789 0 0 0 0
0 -2 0 0.00059961 0 0 0
0 1 0.00163163 0 0 0 0
0 -1 0 0 0.00209611 0 0
0 1 0.0016784 0 0 0 0
0 -1 0 0 0.00167527 0 0
0 -1 0 0 0.0023092 0 0
0 1 0.0016784 0 0 0 0
0 1 0.00104305 0 0 0 0
0 -1 0 0 0.00122746 0 0
0 1 0.00134559 0 0 0 0
0 2 0 0 0 0.0013948 0
0 -1 0 0 0.00137696 0 0
0 1 0.00144771 0 0 0 0
0 -2 0 0.00198269 0 0 0
0 1 0.00263193 0 0 0 0
0 1 0.00224017 0 0 0 0
0 1 0.00229915 0 0 0 0
0 1 0.00193495 0 0 0 0
0 2 0 0 0 0.00144888 0
0 -2 0 0.0016154 0 0 0
0 -2 0 0.00158311 0 0 0
0 1 0.00304299 0 0 0 0
0 -1 0 0 0.00196104 0 0
0 -1 0 0 0.00243457 0 0
0 -1 0 0 0.00250712 0 0
0 1 0.00149165 0 0 0 0
0 1 0.00143318 0 0 0 0
0 1 0.000922094 0 0 0 0
0 -1 0 0 0.000985233 0 0
0 -1 0 0 0.000973112 0 0
0 2 0 0 0 0.00154459 0
0 -1 0 0 0.00212488 0 0
0 1 0.00104129 0 0 0 0
0 -1 0 0 0.00064768 0 0
0 -1 0 0 0.00122746 0 0
0 2 0 0 0 0.00104504 0
0 2 0 0 0 0.00132984 0
0 -1 0 0 0.00231289 0 0
0 -1 0 0 0.00390894 0 0
0 1 0.00271948 0 0 0 0
0 1 0.00284686 0 0 0 0
0 -1 0 0 0.00293711 0 0
0 1 0.00258717 0 0 0 0
0 1 0.00379806 0 0 0 0
0 1 0.0021004 0 0 0 0
0 1 0.00206869 0 0 0 0
0 -1 0 0 0.00217153 0 0
0 -1 0 0 0.0016882 0 0
0 -1 0 0 0.00166831 0 0
0 1 0.00165838 0 0 0 0
0 -1 0 0 0.00145931 0 0
0 -1 0 0 0.0012813 0 0
0 1 0.00136741 0 0 0 0
0 1 0.00134559 0 0 0 0
0 2 0 0 0 0.00119993 0
0 2 0 0 0 0.0013948 0
0 -2 0 0.00109954 0 0 0
0 1 0.00166998 0 0 0 0
0 1 0.0011076 0 0 0 0
0 1 0.00166367 0 0 0 0
0 -2 0 0.00157825 0 0 0
0 1 0.00173493 0 0 0 0
0 1 0.000567581 0 0 0 0
0 -1 0 0 0.00082562 0 0
0 1 0.000834997 0 0 0 0
0 2 0 0 0 0.00132558 0
0 -1 0 0 0.0025308 0 0
0 1 0.00196005 0 0 0 0
0 1 0.00222823 0 0 0 0
0 2 0 0 0 0.00132558 0
0 -1 0 0 0.00213855 0 0
0 -2 0 0.00113171 0 0 0
0 1 0.00229424 0 0 0 0
0 1 0.00169559 0 0 0 0
0 1 0.00360684 0 0 0 0
0 1 0.00132533 0 0 0 0
0 -1 0 0 0.00296281 0 0
0 -1 0 0 0.00221443 0 0
0 -1 0 0 0.00146447 0 0
0 1 0.00360684 0 0 0 0
0 1 0.00168067 0 0 0 0
0 -1 0 0 0.0025746 0 0
0 -1 0 0 0.00162894 0 0
0 1 0.00221935 0 0 0 0
0 1 0.00221935 0 0 0 0
0 -1 0 0 0.00231289 0 0
0 1 0.000781992 0 0 0 0
0 -2 0 0.000655649 0 0 0
0 1 0.000834997 0 0 0 0
0 2 0 0 0 0.0010075 0
0 1 0.000620347 0 0 0 0
0 1 0.000339719 0 0 0 0
0 -1 0 0 0.000320254 0 0
0 2 0 0 0 0.000380077 0
0 2 0 0 0 0.000470512 0
0 -1 0 0 0.00147815 0 0
0 -1 0 0 0.00150589 0 0
0 1 0.00102988 0 0 0 0
0 1 0.00102988 0 0 0 0
0 -1 0 0 0.00162359 0 0
0 -1 0 0 0.00162359 0 0
0 -1 0 0 0.00174476 0 0
0 -1 0 0 0.00194092 0 0
0 -1 0 0 0.00347323 0 0
0 -1 0 0 0.00347323 0 0
0 -1 0 0 0.00155464 0 0
0 -1 0 0 0.00198726 0 0
0 1 0.00111957 0 0 0 0
0 -1 0 0 0.00263342 0 0
0 -1 0 0 0.00263342 0 0
0 -1 0 0 0.00296281 0 0
0 1 0.00128412 0 0 0 0
0 -1 0 0 0.00163088 0 0
0 1 0.00196005 0 0 0 0
0 1 0.00203358 0 0 0 0
0 1 0.00286138 0 0 0 0
0 -1 0 0 0.00177663 0 0
0 1 0.00286138 0 0 0 0
0 -1 0 0 0.00197879 0 0
0 1 0.00189884 0 0 0 0
0 -1 0 0 0.00229451 0 0
0 -1 0 0 0.00293711 0 0
0 -1 0 0 0.00163627 0 0
0 1 0.00273821 0 0 0 0
0 1 0.00284686 0 0 0 0
0 -1 0 0 0.00199834 0 0
0 2 0 0 0 0.000872618 0
0 -1 0 0 0.00129918 0 0
0 -1 0 0 0.0010792 0 0
0 -2 0 0.00110611 0 0 0
0 -1 0 0 0.0023092 0 0
0 1 0.00400149 0 0 0 0
0 1 0.00400149 0 0 0 0
0 1 0.00548722 0 0 0 0
0 1 0.00410074 0 0 0 0
0 1 0.00165838 0 0 0 0
0 1 0.00233458 0 0 0 0
0 1 0.00224648 0 0 0 0
0 1 0.00223872 0 0 0 0
0 1 0.00271948 0 0 0 0
0 1 0.00379806 0 0 0 0
0 1 0.00263006 0 0 0 0
0 -1 0 0 0.00128806 0 0
0 1 0.000610225 0 0 0 0
0 1 0.00127512 0 0 0 0
0 1 0.00114424 0 0 0 0
0 -2 0 0.00103253 0 0 0
0 1 0.000898988 0 0 0 0
0 2 0 0 0 0.000735159 0
0 2 0 0 0 0.000904506 0
0 2 0 0 0 0.000904506 0
0 -2 0 0.000604261 0 0 0
0 -1 0 0 0.000731188 0 0
0 -2 0 0.0016154 0 0 0
0 -1 0 0 0.00217153 0 0
0 1 0.0028134 0 0 0 0
0 -1 0 0 0.00115343 0 0
0 1 0.00395932 0 0 0 0
0 1 0.0015996 0 0 0 0
0 -1 0 0 0.00275515 0 0
0 -1 0 0 0.00274559 0 0
0 1 0.00193495 0 0 0 0
0 1 0.00395932 0 0 0 0
0 -1 0 0 0.00210003 0 0
0 -1 0 0 0.00134171 0 0
0 -1 0 0 0.0019169 0 0
0 -2 0 0.000994914 0 0 0
0 1 0.00238086 0 0 0 0
0 -2 0 0.000932047 0 0 0
0 1 0.00312631 0 0 0 0
0 1 0.00473272 0 0 0 0
0 1 0.00205579 0 0 0 0
0 -1 0 0 0.00219644 0 0
0 -1 0 0 0.00189432 0 0
0 1 0.00473272 0 0 0 0
0 1 0.00174959 0 0 0 0
0 -1 0 0 0.00224675 0 0
0 -1 0 0 0.00219644 0 0
0 1 0.00238086 0 0 0 0
0 1 0.00289578 0 0 0 0
0 1 0.000503881 0 0 0 0
0 -1 0 0 0.00134854 0 0
0 1 0.00282295 0 0 0 0
0 1 0.00260623 0 0 0 0
0 1 0.00133038 0 0 0 0
0 -1 0 0 0.00231194 0 0
0 1 0.00309605 0 0 0 0
0 -1 0 0 0.00257511 0 0
0 -1 0 0 0.00297989 0 0
0 1 0.00321248 0 0 0 0
0 -1 0 0 0.00210752 0 0
0 -1 0 0 0.00297989 0 0
0 -1 0 0 0.00123632 0 0
0 1 0.00145659 0 0 0 0
0 -1 0 0 0.00166752 0 0
0 2 0 0 0 0.00188614 0
0 1 0.00548722 0 0 0 0
0 -1 0 0 0.00302029 0 0
0 -1 0 0 0.00274559 0 0
0 1 0.00557345 0 0 0 0
0 1 0.00604318 0 0 0 0
0 1 0.00604318 0 0 0 0
0 1 0.00536307 0 0 0 0
0 1 0.00307377 0 0 0 0
0 1 0.0028134 0 0 0 0
0 -2 0 0.00104915 0 0 0
0 1 0.00229915 0 0 0 0
0 1 0.00204353 0 0 0 0
0 1 0.00273821 0 0 0 0
0 1 0.00235602 0 0 0 0
0 -1 0 0 0.00267226 0 0
0 1 0.00343202 0 0 0 0
0 1 0.0021004 0 0 0 0
0 1 0.00238688 0 0 0 0
0 -1 0 0 0.00390894 0 0
0 1 0.00238688 0 0 0 0
0 -1 0 0 0.00213855 0 0
0 1 0.00166367 0 0 0 0
0 -1 0 0 0.00190849 0 0
0 -2 0 0.00135199 0 0 0
0 -2 0 0.00198269 0 0 0
0 1 0.00248518 0 0 0 0
0 -1 0 0 0.00302029 0 0
0 -1 0 0 0.00230685 0 0
0 1 0.0028241 0 0 0 0
0 -1 0 0 0.00248567 0 0
0 1 0.00188685 0 0 0 0
0 1 0.00282333 0 0 0 0
0 -1 0 0 0.00249552 0 0
0 2 0 0 0 0.00188614 0
0 1 0.00307377 0 0 0 0
0 -1 0 0 0.00186036 0 0
0 -1 0 0 0.000610266 0 0
0 1 0.000963267 0 0 0 0
0 2 0 0 0 0.000569217 0
0 -2 0 0.000737824 0 0 0
0 -1 0 0 0.00164339 0 0
0 1 0.00143318 0 0 0 0
0 -1 0 0 0.00196924 0 0
0 -1 0 0 0.00165892 0 0
0 -1 0 0 0.00223745 0 0
0 1 0.00422499 0 0 0 0
0 1 0.00408539 0 0 0 0
0 1 0.00369178 0 0 0 0
0 1 0.00291511 0 0 0 0
0 1 0.00301308 0 0 0 0
0 1 0.00282295 0 0 0 0
0 1 0.00364789 0 0 0 0
0 1 0.00321248 0 0 0 0
0 -1 0 0 0.000620596 0 0
0 1 0.00163163 0 0 0 0
0 1 0.00157106 0 0 0 0
0 2 0 0 0 0.00164182 0
0 -2 0 0.00115909 0 0 0
0 -1 0 0 0.00156122 0 0
0 -1 0 0 0.00112041 0 0
0 -1 0 0 0.00215342 0 0
0 1 0.00157106 0 0 0 0
0 2 0 0 0 0.00164182 0
0 1 0.0021831 0 0 0 0
0 -1 0 0 0.00250712 0 0
0 -1 0 0 0.00224675 0 0
