# The Best Parameter Set
# [alpha] [beta] [ks] [kt] [score]
1 1 1 1 0
# [label] [PRED] [DV 1] [DV -2] [DV -1] [DV 2] [DV 0]
0 -1 0 0 0.000833185 0 0
0 1 0.0011052 0 0 0 0
0 -1 0 0 0.00123932 0 0
0 -1 0 0 0.00140167 0 0
0 -1 0 0 0.00138731 0 0
0 -1 0 0 0.00113138 0 0
0 -1 0 0 0.00109903 0 0
0 -1 0 0 0.000689939 0 0
0 -1 0 0 0.00055994 0 0
0 -2 0 0.000462959 0 0 0
0 1 0.000683566 0 0 0 0
0 -1 0 0 0.000707598 0 0
0 -2 0 0.0004578 0 0 0
0 1 0.000885074 0 0 0 0
0 2 0 0 0 0.000638856 0
0 1 0.000401035 0 0 0 0
0 2 0 0 0 0.000656044 0
0 1 0.000939207 0 0 0 0
0 2 0 0 0 0.00061003 0
0 2 0 0 0 0.000662956 0
0 2 0 0 0 0.00063111 0
0 1 0.00052926 0 0 0 0
0 1 0.000575147 0 0 0 0
0 1 0.00102121 0 0 0 0
0 1 0.000916156 0 0 0 0
0 1 0.000386515 0 0 0 0
0 1 0.000689579 0 0 0 0
0 1 0.000757524 0 0 0 0
0 1 0.00102072 0 0 0 0
0 1 0.000552822 0 0 0 0
0 1 0.000824259 0 0 0 0
0 -2 0 0.000443506 0 0 0
0 1 1.10986e-09 0 0 0 0
0 1 2.38643e-07 0 0 0 0
0 1 7.28474e-08 0 0 0 0
0 1 1.61759e-05 0 0 0 0
0 -1 0 0 0.000249237 0 0
0 1 4.88702e-05 0 0 0 0
0 -1 0 0 0.000715912 0 0
0 1 0.000387978 0 0 0 0
0 1 0.000860163 0 0 0 0
0 -1 0 0 0.00100585 0 0
0 -1 0 0 0.00132251 0 0
0 -1 0 0 0.00100219 0 0
0 -1 0 0 0.000755666 0 0
0 -1 0 0 0.000300134 0 0
0 -1 0 0 0.000205805 0 0
0 -1 0 0 0.000366766 0 0
0 -1 0 0 0.00035854 0 0
0 -1 0 0 1.17544e-05 0 0
0 -1 0 0 1.01162e-06 0 0
0 -1 0 0 8.0793e-05 0 0
0 1 1.06553e-06 0 0 0 0
0 -1 0 0 0.000247866 0 0
0 -1 0 0 0.000577081 0 0
0 -1 0 0 0.000812038 0 0
0 -1 0 0 0.00100273 0 0
0 -1 0 0 1.17659e-09 0 0
0 -1 0 0 1.27858e-14 0 0
0 1 1.71938e-09 0 0 0 0
0 -1 0 0 9.10832e-06 0 0
0 -1 0 0 9.8551e-05 0 0
0 -1 0 0 3.57097e-05 0 0
0 -1 0 0 0.000185402 0 0
0 -1 0 0 0.000308081 0 0
0 1 0.000552694 0 0 0 0
0 -1 0 0 0.000161905 0 0
0 -1 0 0 5.94404e-05 0 0
0 -1 0 0 0.000111121 0 0
0 -1 0 0 0.0001133 0 0
0 -1 0 0 0.000289284 0 0
0 1 0.000482183 0 0 0 0
0 -1 0 0 0.0012374 0 0
0 -1 0 0 0.00117019 0 0
0 1 0.000500016 0 0 0 0
0 -1 0 0 0.00121196 0 0
0 -1 0 0 0.000679661 0 0
0 -1 0 0 0.000822316 0 0
0 -1 0 0 0.000206006 0 0
0 -1 0 0 8.44014e-05 0 0
0 1 9.94533e-05 0 0 0 0
0 -1 0 0 0.000332887 0 0
0 1 0.000876778 0 0 0 0
0 1 0.000936387 0 0 0 0
0 -1 0 0 3.33459e-05 0 0
0 1 0.000342598 0 0 0 0
0 -1 0 0 0.000293626 0 0
0 1 6.05024e-05 0 0 0 0
0 1 0.000275665 0 0 0 0
0 -1 0 0 0.00022414 0 0
0 -1 0 0 0.000273984 0 0
0 -1 0 0 0.000184089 0 0
0 -1 0 0 0.000127319 0 0
0 -1 0 0 0.000159537 0 0
0 -1 0 0 3.87749e-05 0 0
0 -1 0 0 6.9295e-06 0 0
0 -1 0 0 2.48626e-07 0 0
0 -1 0 0 1.42294e-07 0 0
0 -1 0 0 3.39179e-07 0 0
0 -1 0 0 2.01185e-06 0 0
0 1 1.20317e-05 0 0 0 0
0 -1 0 0 8.20032e-05 0 0
0 -1 0 0 4.69416e-06 0 0
0 -1 0 0 1.18654e-07 0 0
0 -1 0 0 4.18968e-08 0 0
0 -1 0 0 2.96879e-07 0 0
0 -1 0 0 1.2119e-05 0 0
0 1 0.000103236 0 0 0 0
0 -1 0 0 0.000114559 0 0
0 1 9.9038e-05 0 0 0 0
0 1 0.000679017 0 0 0 0
0 1 0.000509586 0 0 0 0
0 1 0.000723892 0 0 0 0
0 1 0.000438776 0 0 0 0
0 1 0.00019088 0 0 0 0
0 -2 0 0.000434715 0 0 0
0 1 0.000706355 0 0 0 0
0 -2 0 0.000489004 0 0 0
0 1 0.00111344 0 0 0 0
0 -1 0 0 0.00185567 0 0
0 -1 0 0 0.000157684 0 0
0 1 7.46902e-06 0 0 0 0
0 1 0.000454196 0 0 0 0
0 -2 0 0.000438656 0 0 0
0 -2 0 0.000443313 0 0 0
0 1 0.000178159 0 0 0 0
0 -1 0 0 2.74616e-06 0 0
0 1 3.3108e-05 0 0 0 0
0 1 1.16895e-05 0 0 0 0
0 1 2.55202e-06 0 0 0 0
0 1 6.88078e-06 0 0 0 0
0 1 0.000104175 0 0 0 0
0 1 0.00053983 0 0 0 0
0 1 0.000569999 0 0 0 0
0 1 0.000769043 0 0 0 0
0 1 0.000726444 0 0 0 0
0 2 0 0 0 0.000584846 0
0 1 0.000655495 0 0 0 0
0 1 0.000684745 0 0 0 0
0 2 0 0 0 0.000650404 0
0 2 0 0 0 0.000669184 0
0 2 0 0 0 0.000680986 0
0 2 0 0 0 0.000680933 0
0 2 0 0 0 0.000687571 0
0 1 0.00120588 0 0 0 0
0 2 0 0 0 0.000675035 0
0 2 0 0 0 0.000568196 0
0 2 0 0 0 0.000602078 0
0 1 0.000469794 0 0 0 0
0 1 0.000729244 0 0 0 0
0 1 0.000479955 0 0 0 0
0 1 0.000392263 0 0 0 0
0 1 5.61547e-05 0 0 0 0
0 -1 0 0 0.000523944 0 0
0 1 0.000285494 0 0 0 0
0 1 0.000244745 0 0 0 0
0 1 0.000357962 0 0 0 0
0 1 0.000103576 0 0 0 0
0 2 0 0 0 0.000588423 0
0 1 0.000100683 0 0 0 0
0 1 0.00110145 0 0 0 0
0 -1 0 0 0.000415458 0 0
0 -1 0 0 1.96131e-05 0 0
0 1 5.10147e-05 0 0 0 0
0 1 0.000213637 0 0 0 0
0 -1 0 0 0.000631903 0 0
0 -1 0 0 0.000419857 0 0
0 -1 0 0 0.00019532 0 0
0 1 1.03665e-11 0 0 0 0
0 1 2.28965e-14 0 0 0 0
0 1 2.94786e-16 0 0 0 0
0 -1 0 0 2.73212e-11 0 0
0 -1 0 0 3.56224e-05 0 0
0 -1 0 0 7.23294e-05 0 0
0 1 7.06842e-05 0 0 0 0
0 1 0.000254882 0 0 0 0
0 -1 0 0 4.21312e-05 0 0
0 -1 0 0 4.2047e-06 0 0
0 -1 0 0 6.53723e-07 0 0
0 2 0 0 0 1.65407e-10 0
0 -1 0 0 1.54967e-08 0 0
0 1 1.83619e-11 0 0 0 0
0 1 8.0496e-17 0 0 0 0
0 1 1.10187e-20 0 0 0 0
0 -1 0 0 7.54876e-14 0 0
0 -1 0 0 4.59085e-11 0 0
0 -1 0 0 8.77971e-05 0 0
0 1 0.000246835 0 0 0 0
0 1 0.00072029 0 0 0 0
0 1 0.000648087 0 0 0 0
0 -1 0 0 0.000733876 0 0
0 1 0.000330672 0 0 0 0
0 1 0.00130568 0 0 0 0
0 -1 0 0 0.000827007 0 0
0 1 0.000690151 0 0 0 0
0 -1 0 0 0.000598593 0 0
0 1 0.000361671 0 0 0 0
0 1 0.000609734 0 0 0 0
0 -1 0 0 0.000702682 0 0
0 -1 0 0 0.000740454 0 0
0 1 0.000765078 0 0 0 0
0 1 0.000156277 0 0 0 0
0 -1 0 0 0.000142832 0 0
0 -1 0 0 0.000282278 0 0
0 -1 0 0 0.000470565 0 0
0 -1 0 0 6.42741e-05 0 0
0 1 0.000201605 0 0 0 0
0 1 0.000249759 0 0 0 0
0 -1 0 0 0.000198549 0 0
0 2 0 0 0 0.000538887 0
0 1 1.28115e-06 0 0 0 0
0 -1 0 0 8.60167e-05 0 0
0 -1 0 0 5.22553e-07 0 0
0 -1 0 0 3.66086e-15 0 0
0 1 7.32168e-46 0 0 0 0
0 1 1.11586e-14 0 0 0 0
0 1 9.36622e-06 0 0 0 0
0 1 3.82409e-05 0 0 0 0
0 -1 0 0 1.99365e-12 0 0
0 1 1.74673e-12 0 0 0 0
0 1 2.62885e-06 0 0 0 0
0 1 0.000134829 0 0 0 0
0 1 0.000942356 0 0 0 0
0 1 0.000520775 0 0 0 0
0 1 0.00139879 0 0 0 0
0 -2 0 0.00131657 0 0 0
0 1 0.0015916 0 0 0 0
0 1 0.00124702 0 0 0 0
0 -2 0 0.0012775 0 0 0
0 1 0.000987924 0 0 0 0
0 1 0.00144557 0 0 0 0
0 -1 0 0 0.000929112 0 0
0 1 0.00134132 0 0 0 0
0 1 0.00228036 0 0 0 0
0 -1 0 0 0.00124223 0 0
0 1 0.00148386 0 0 0 0
0 1 0.00196223 0 0 0 0
0 1 0.00158131 0 0 0 0
0 1 0.000677867 0 0 0 0
0 -1 0 0 0.00174497 0 0
0 -1 0 0 0.00102105 0 0
0 1 0.00014427 0 0 0 0
0 -1 0 0 0.00195291 0 0
0 -1 0 0 0.000387874 0 0
0 -1 0 0 7.89148e-08 0 0
0 1 1.13968e-05 0 0 0 0
0 1 3.17756e-06 0 0 0 0
0 1 1.0749e-05 0 0 0 0
0 1 2.59107e-05 0 0 0 0
0 1 2.76895e-05 0 0 0 0
0 1 9.40531e-05 0 0 0 0
0 -1 0 0 8.49327e-11 0 0
0 1 0.000279725 0 0 0 0
0 1 5.26181e-05 0 0 0 0
0 1 1.51043e-07 0 0 0 0
0 1 8.15882e-08 0 0 0 0
0 1 1.54595e-06 0 0 0 0
0 1 0.000406514 0 0 0 0
0 1 4.57317e-05 0 0 0 0
0 1 5.34009e-05 0 0 0 0
0 1 6.14439e-05 0 0 0 0
0 1 0.00016269 0 0 0 0
0 -2 0 0.000529774 0 0 0
0 1 1.28481e-05 0 0 0 0
0 1 0.000448126 0 0 0 0
0 1 0.000114003 0 0 0 0
0 -2 0 0.000168615 0 0 0
0 1 1.76548e-06 0 0 0 0
0 1 2.44265e-05 0 0 0 0
0 1 0.000404816 0 0 0 0
0 1 0.000459936 0 0 0 0
0 1 0.000820659 0 0 0 0
0 1 0.00083673 0 0 0 0
0 1 0.000546109 0 0 0 0
0 1 0.000546251 0 0 0 0
0 -1 0 0 0.000532973 0 0
0 -1 0 0 0.000192949 0 0
0 -1 0 0 0.000570362 0 0
0 1 0.00204756 0 0 0 0
0 1 0.000475013 0 0 0 0
0 -1 0 0 9.26497e-06 0 0
0 1 7.69177e-06 0 0 0 0
0 1 2.92729e-05 0 0 0 0
0 1 4.69145e-05 0 0 0 0
0 1 4.0691e-05 0 0 0 0
0 1 0.000525743 0 0 0 0
0 1 0.000475021 0 0 0 0
0 1 0.000399893 0 0 0 0
0 1 3.39446e-09 0 0 0 0
0 -1 0 0 0.00131173 0 0
0 1 0.00115968 0 0 0 0
0 2 0 0 0 0.0011094 0
0 1 0.00038581 0 0 0 0
0 -1 0 0 0.00111351 0 0
0 -1 0 0 0.00117997 0 0
0 -1 0 0 0.00112888 0 0
0 1 0.000527276 0 0 0 0
0 1 0.000561769 0 0 0 0
0 1 0.000240473 0 0 0 0
0 1 0.000352868 0 0 0 0
0 -1 0 0 0.000450521 0 0
0 1 0.000814552 0 0 0 0
0 1 0.000342356 0 0 0 0
0 1 4.89648e-05 0 0 0 0
0 1 6.44082e-06 0 0 0 0
0 1 1.79152e-06 0 0 0 0
0 1 0.000519425 0 0 0 0
0 1 0.000505638 0 0 0 0
0 -1 0 0 0.000473154 0 0
0 -1 0 0 6.53964e-05 0 0
0 -1 0 0 0.000170425 0 0
0 1 0.000506789 0 0 0 0
0 1 0.000397501 0 0 0 0
0 -1 0 0 1.3942e-06 0 0
0 -1 0 0 4.37374e-05 0 0
0 -1 0 0 0.000526607 0 0
0 -1 0 0 0.000764523 0 0
0 -1 0 0 0.000677617 0 0
0 1 4.13509e-05 0 0 0 0
0 -1 0 0 0.00140281 0 0
0 1 0.00166508 0 0 0 0
0 1 0.00138469 0 0 0 0
0 -1 0 0 0.00169132 0 0
0 -1 0 0 0.000801111 0 0
0 -1 0 0 0.000556762 0 0
0 1 0.000405993 0 0 0 0
0 -1 0 0 0.00032301 0 0
0 1 0.00045168 0 0 0 0
0 1 6.355e-05 0 0 0 0
0 1 1.08885e-05 0 0 0 0
0 1 0.000470455 0 0 0 0
0 -1 0 0 1.22908e-08 0 0
0 -1 0 0 5.38557e-09 0 0
0 -1 0 0 2.49642e-05 0 0
0 -1 0 0 0.000597329 0 0
0 1 0.000369145 0 0 0 0
0 -1 0 0 0.000420061 0 0
0 1 1.26939e-05 0 0 0 0
0 1 4.72506e-06 0 0 0 0
0 -1 0 0 1.4376e-06 0 0
0 -1 0 0 4.37742e-06 0 0
0 1 0.000351028 0 0 0 0
0 -1 0 0 0.000365263 0 0
0 1 0.000380122 0 0 0 0
0 -1 0 0 0.000646061 0 0
0 -1 0 0 0.000517092 0 0
0 -1 0 0 0.000438117 0 0
0 -1 0 0 0.000672718 0 0
0 -1 0 0 0.000642189 0 0
0 -1 0 0 0.000360419 0 0
0 1 5.41323e-08 0 0 0 0
0 1 2.92021e-06 0 0 0 0
0 -1 0 0 3.10235e-05 0 0
0 1 0.000729018 0 0 0 0
0 -1 0 0 0.000710781 0 0
0 -1 0 0 0.00106899 0 0
0 -1 0 0 0.000930566 0 0
0 -1 0 0 1.9434e-08 0 0
0 -1 0 0 0.00124059 0 0
0 -1 0 0 0.00119925 0 0
0 -1 0 0 0.000984305 0 0
0 -1 0 0 0.000602392 0 0
0 -1 0 0 0.000293148 0 0
0 -1 0 0 0.000284533 0 0
0 -1 0 0 0.000510333 0 0
0 1 0.000355185 0 0 0 0
0 -1 0 0 0.000345721 0 0
0 1 0.000322297 0 0 0 0
0 -1 0 0 0.000514946 0 0
0 1 0.000317281 0 0 0 0
0 -1 0 0 0.000201468 0 0
0 1 1.20065e-06 0 0 0 0
0 1 7.71937e-06 0 0 0 0
0 -1 0 0 1.18218e-11 0 0
0 2 0 0 0 0.000602515 0
0 2 0 0 0 0.000625669 0
0 -1 0 0 7.9448e-09 0 0
0 -1 0 0 3.28965e-08 0 0
0 -1 0 0 9.78002e-07 0 0
0 1 0.000261696 0 0 0 0
0 -1 0 0 0.000478937 0 0
0 -1 0 0 0.00115578 0 0
0 -1 0 0 0.000677773 0 0
0 -1 0 0 0.000969734 0 0
0 2 0 0 0 0.00121832 0
0 -1 0 0 0.000992787 0 0
0 -1 0 0 0.000910772 0 0
0 -1 0 0 0.000645722 0 0
0 -1 0 0 0.000809402 0 0
0 -1 0 0 0.000725133 0 0
0 -1 0 0 0.00033892 0 0
0 -1 0 0 0.000206479 0 0
0 -1 0 0 0.000158197 0 0
0 1 4.95825e-06 0 0 0 0
0 1 6.41961e-05 0 0 0 0
0 1 0.000111445 0 0 0 0
0 1 0.000142584 0 0 0 0
0 -1 0 0 0.00110219 0 0
0 -2 0 0.000901242 0 0 0
0 1 0.000912312 0 0 0 0
0 -1 0 0 0.0016667 0 0
0 1 0.000997329 0 0 0 0
0 1 0.000758498 0 0 0 0
0 1 5.74961e-05 0 0 0 0
0 -1 0 0 0.00143397 0 0
0 -1 0 0 0.000200285 0 0
0 1 0.000223521 0 0 0 0
0 2 0 0 0 0.000199786 0
0 1 0.000478639 0 0 0 0
0 1 5.15679e-06 0 0 0 0
0 1 0.000183742 0 0 0 0
0 -1 0 0 0.000195953 0 0
0 -1 0 0 0.000662126 0 0
0 1 0.000181454 0 0 0 0
0 1 0.000451409 0 0 0 0
0 1 0.000262026 0 0 0 0
0 -1 0 0 0.00050972 0 0
0 1 4.85901e-07 0 0 0 0
0 1 0.000199245 0 0 0 0
0 -1 0 0 0.0016854 0 0
0 1 0.000227512 0 0 0 0
0 -1 0 0 0.000540173 0 0
0 -1 0 0 2.5724e-05 0 0
0 1 5.64727e-05 0 0 0 0
0 -1 0 0 0.000121718 0 0
0 -1 0 0 0.00023155 0 0
0 -1 0 0 1.80927e-05 0 0
0 -1 0 0 1.5158e-05 0 0
0 -1 0 0 2.04023e-07 0 0
0 -1 0 0 8.05123e-08 0 0
0 -1 0 0 0.000322083 0 0
0 1 0.00036878 0 0 0 0
0 -1 0 0 2.87453e-05 0 0
0 1 6.51186e-05 0 0 0 0
0 -1 0 0 0.000349153 0 0
0 1 3.96123e-05 0 0 0 0
0 1 1.31631e-05 0 0 0 0
0 -1 0 0 7.10648e-05 0 0
0 1 0.0010195 0 0 0 0
0 -1 0 0 0.000871948 0 0
0 1 0.000118626 0 0 0 0
0 1 7.5182e-05 0 0 0 0
0 1 0.00016976 0 0 0 0
0 1 0.000517975 0 0 0 0
0 1 1.13375e-05 0 0 0 0
0 -1 0 0 0.0005118 0 0
0 -1 0 0 0.00102479 0 0
0 -1 0 0 0.00154699 0 0
0 1 0.00102772 0 0 0 0
0 1 0.00115039 0 0 0 0
0 1 0.000362825 0 0 0 0
0 1 0.00104729 0 0 0 0
0 -1 0 0 0.000988488 0 0
0 1 0.00096686 0 0 0 0
0 1 0.000461685 0 0 0 0
0 1 0.000191046 0 0 0 0
0 1 0.00102609 0 0 0 0
0 -1 0 0 0.00238359 0 0
0 1 0.00265543 0 0 0 0
0 1 2.10537e-06 0 0 0 0
0 1 0.000140747 0 0 0 0
0 -1 0 0 0.000564286 0 0
0 -1 0 0 0.00126806 0 0
0 1 0.000801199 0 0 0 0
0 1 0.000421658 0 0 0 0
0 1 0.000962393 0 0 0 0
0 -2 0 0.00196097 0 0 0
0 1 0.00254639 0 0 0 0
0 1 0.000377698 0 0 0 0
0 1 0.00148087 0 0 0 0
0 1 0.0017109 0 0 0 0
0 1 0.000378194 0 0 0 0
0 1 6.12866e-05 0 0 0 0
0 1 0.000121311 0 0 0 0
0 1 0.00052198 0 0 0 0
0 -1 0 0 0.000622828 0 0
0 1 0.000436727 0 0 0 0
0 1 0.00098735 0 0 0 0
0 1 0.000918045 0 0 0 0
0 1 0.00090507 0 0 0 0
0 1 0.000636651 0 0 0 0
0 1 0.000455404 0 0 0 0
0 1 1.62494e-05 0 0 0 0
0 1 0.000473305 0 0 0 0
0 -1 0 0 0.00215034 0 0
0 -1 0 0 0.0021133 0 0
0 -1 0 0 0.0017489 0 0
0 1 0.00121132 0 0 0 0
0 -1 0 0 0.00121153 0 0
0 1 0.000636909 0 0 0 0
0 -1 0 0 0.00168443 0 0
0 -1 0 0 0.000970079 0 0
0 -1 0 0 0.000914343 0 0
0 -1 0 0 0.000840195 0 0
0 -1 0 0 0.000781809 0 0
0 -1 0 0 0.000453446 0 0
0 -1 0 0 0.000220678 0 0
0 1 0.000329639 0 0 0 0
0 -1 0 0 0.000201189 0 0
0 1 0.00153573 0 0 0 0
0 1 0.00193175 0 0 0 0
0 1 0.00172073 0 0 0 0
0 1 0.00104258 0 0 0 0
0 1 0.00101854 0 0 0 0
0 1 6.64736e-05 0 0 0 0
0 1 8.68766e-05 0 0 0 0
0 -1 0 0 6.52868e-05 0 0
0 -1 0 0 0.00041374 0 0
0 1 0.000235398 0 0 0 0
0 -1 0 0 0.000690233 0 0
0 1 4.99739e-05 0 0 0 0
0 1 0.000371859 0 0 0 0
0 1 0.000377404 0 0 0 0
0 1 0.000401621 0 0 0 0
0 -1 0 0 0.000444387 0 0
0 1 1.43299e-05 0 0 0 0
0 1 1.80568e-06 0 0 0 0
0 1 1.46647e-06 0 0 0 0
0 -2 0 0.000355641 0 0 0
0 1 4.90242e-05 0 0 0 0
0 1 7.20044e-07 0 0 0 0
0 1 9.25725e-05 0 0 0 0
0 1 0.00100739 0 0 0 0
0 1 0.000780531 0 0 0 0
0 1 0.00100505 0 0 0 0
0 -2 0 0.00136471 0 0 0
0 1 0.00110794 0 0 0 0
0 -1 0 0 0.000957884 0 0
0 1 0.000495027 0 0 0 0
0 1 2.9365e-07 0 0 0 0
0 -1 0 0 0.000485338 0 0
0 1 0.000552746 0 0 0 0
0 1 0.000274002 0 0 0 0
0 1 0.000112671 0 0 0 0
0 1 0.000491945 0 0 0 0
0 1 0.000510219 0 0 0 0
0 -1 0 0 0.000504322 0 0
0 1 0.00116542 0 0 0 0
0 1 0.000595813 0 0 0 0
0 1 8.02332e-05 0 0 0 0
0 1 0.000384087 0 0 0 0
0 -1 0 0 0.000833185 0 0
0 1 0.0011052 0 0 0 0
0 -1 0 0 0.00123932 0 0
0 -1 0 0 0.00140167 0 0
0 -1 0 0 0.00138731 0 0
0 -1 0 0 0.00113138 0 0
0 -1 0 0 0.00109903 0 0
0 -1 0 0 0.000689939 0 0
0 -1 0 0 0.00055994 0 0
0 -2 0 0.000462959 0 0 0
0 1 0.000683566 0 0 0 0
0 -1 0 0 0.000707598 0 0
0 -2 0 0.0004578 0 0 0
0 1 0.000885074 0 0 0 0
0 2 0 0 0 0.000638856 0
0 1 0.000401035 0 0 0 0
0 2 0 0 0 0.000656044 0
0 1 0.000939207 0 0 0 0
0 2 0 0 0 0.00061003 0
0 2 0 0 0 0.000662956 0
0 2 0 0 0 0.00063111 0
0 1 0.00052926 0 0 0 0
0 1 0.000575147 0 0 0 0
0 1 0.00102121 0 0 0 0
0 1 0.000916156 0 0 0 0
0 1 0.000386515 0 0 0 0
0 1 0.000689579 0 0 0 0
0 1 0.000757524 0 0 0 0
0 1 0.00102072 0 0 0 0
0 1 0.000552822 0 0 0 0
0 1 0.000824259 0 0 0 0
0 -2 0 0.000443506 0 0 0
0 1 1.10986e-09 0 0 0 0
0 1 2.38643e-07 0 0 0 0
0 1 7.28474e-08 0 0 0 0
0 1 1.61759e-05 0 0 0 0
0 -1 0 0 0.000249237 0 0
0 1 4.88702e-05 0 0 0 0
0 -1 0 0 0.000715912 0 0
0 1 0.000387978 0 0 0 0
0 1 0.000860163 0 0 0 0
0 -1 0 0 0.00100585 0 0
0 -1 0 0 0.00132251 0 0
0 -1 0 0 0.00100219 0 0
0 -1 0 0 0.000755666 0 0
0 -1 0 0 0.000300134 0 0
0 -1 0 0 0.000205805 0 0
0 -1 0 0 0.000366766 0 0
0 -1 0 0 0.00035854 0 0
0 -1 0 0 1.17544e-05 0 0
0 -1 0 0 1.01162e-06 0 0
0 -1 0 0 8.0793e-05 0 0
0 1 1.06553e-06 0 0 0 0
0 -1 0 0 0.000247866 0 0
0 -1 0 0 0.000577081 0 0
0 -1 0 0 0.000812038 0 0
0 -1 0 0 0.00100273 0 0
0 -1 0 0 1.17659e-09 0 0
0 -1 0 0 1.27858e-14 0 0
0 1 1.71938e-09 0 0 0 0
0 -1 0 0 9.10832e-06 0 0
0 -1 0 0 9.8551e-05 0 0
0 -1 0 0 3.57097e-05 0 0
0 -1 0 0 0.000185402 0 0
0 -1 0 0 0.000308081 0 0
0 1 0.000552694 0 0 0 0
0 -1 0 0 0.000161905 0 0
0 -1 0 0 5.94404e-05 0 0
0 -1 0 0 0.000111121 0 0
0 -1 0 0 0.0001133 0 0
0 -1 0 0 0.000289284 0 0
0 1 0.000482183 0 0 0 0
0 -1 0 0 0.0012374 0 0
0 -1 0 0 0.00117019 0 0
0 1 0.000500016 0 0 0 0
0 -1 0 0 0.00121196 0 0
0 -1 0 0 0.000679661 0 0
0 -1 0 0 0.000822316 0 0
0 -1 0 0 0.000206006 0 0
0 -1 0 0 8.44014e-05 0 0
0 1 9.94533e-05 0 0 0 0
0 -1 0 0 0.000332887 0 0
0 1 0.000876778 0 0 0 0
0 1 0.000936387 0 0 0 0
0 -1 0 0 3.33459e-05 0 0
0 1 0.000342598 0 0 0 0
0 -1 0 0 0.000293626 0 0
0 1 6.05024e-05 0 0 0 0
0 1 0.000275665 0 0 0 0
0 -1 0 0 0.00022414 0 0
0 -1 0 0 0.000273984 0 0
0 -1 0 0 0.000184089 0 0
0 -1 0 0 0.000127319 0 0
0 -1 0 0 0.000159537 0 0
0 -1 0 0 3.87749e-05 0 0
0 -1 0 0 6.9295e-06 0 0
0 -1 0 0 2.48626e-07 0 0
0 -1 0 0 1.42294e-07 0 0
0 -1 0 0 3.39179e-07 0 0
0 -1 0 0 2.01185e-06 0 0
0 1 1.20317e-05 0 0 0 0
0 -1 0 0 8.20032e-05 0 0
0 -1 0 0 4.69416e-06 0 0
0 -1 0 0 1.18654e-07 0 0
0 -1 0 0 4.18968e-08 0 0
0 -1 0 0 2.96879e-07 0 0
0 -1 0 0 1.2119e-05 0 0
0 1 0.000103236 0 0 0 0
0 -1 0 0 0.000114559 0 0
0 1 9.9038e-05 0 0 0 0
0 1 0.000679017 0 0 0 0
0 1 0.000509586 0 0 0 0
0 1 0.000723892 0 0 0 0
0 1 0.000438776 0 0 0 0
0 1 0.00019088 0 0 0 0
0 -2 0 0.000434715 0 0 0
0 1 0.000706355 0 0 0 0
0 -2 0 0.000489004 0 0 0
0 1 0.00111344 0 0 0 0
0 -1 0 0 0.00185567 0 0
0 -1 0 0 0.000157684 0 0
0 1 7.46902e-06 0 0 0 0
0 1 0.000454196 0 0 0 0
0 -2 0 0.000438656 0 0 0
0 -2 0 0.000443313 0 0 0
0 1 0.000178159 0 0 0 0
0 -1 0 0 2.74616e-06 0 0
0 1 3.3108e-05 0 0 0 0
0 1 1.16895e-05 0 0 0 0
0 1 2.55202e-06 0 0 0 0
0 1 6.88078e-06 0 0 0 0
0 1 0.000104175 0 0 0 0
0 1 0.00053983 0 0 0 0
0 1 0.000569999 0 0 0 0
0 1 0.000769043 0 0 0 0
0 1 0.000726444 0 0 0 0
0 2 0 0 0 0.000584846 0
0 1 0.000655495 0 0 0 0
0 1 0.000684745 0 0 0 0
0 2 0 0 0 0.000650404 0
0 2 0 0 0 0.000669184 0
0 2 0 0 0 0.000680986 0
0 2 0 0 0 0.000680933 0
0 2 0 0 0 0.000687571 0
0 1 0.00120588 0 0 0 0
0 2 0 0 0 0.000675035 0
0 2 0 0 0 0.000568196 0
0 2 0 0 0 0.000602078 0
0 1 0.000469794 0 0 0 0
0 1 0.000729244 0 0 0 0
0 1 0.000479955 0 0 0 0
0 1 0.000392263 0 0 0 0
0 1 5.61547e-05 0 0 0 0
0 -1 0 0 0.000523944 0 0
0 1 0.000285494 0 0 0 0
0 1 0.000244745 0 0 0 0
0 1 0.000357962 0 0 0 0
0 1 0.000103576 0 0 0 0
0 2 0 0 0 0.000588423 0
0 1 0.000100683 0 0 0 0
0 1 0.00110145 0 0 0 0
0 -1 0 0 0.000415458 0 0
0 -1 0 0 1.96131e-05 0 0
0 1 5.10147e-05 0 0 0 0
0 1 0.000213637 0 0 0 0
0 -1 0 0 0.000631903 0 0
0 -1 0 0 0.000419857 0 0
0 -1 0 0 0.00019532 0 0
0 1 1.03665e-11 0 0 0 0
0 1 2.28965e-14 0 0 0 0
0 1 2.94786e-16 0 0 0 0
0 -1 0 0 2.73212e-11 0 0
0 -1 0 0 3.56224e-05 0 0
0 -1 0 0 7.23294e-05 0 0
0 1 7.06842e-05 0 0 0 0
0 1 0.000254882 0 0 0 0
0 -1 0 0 4.21312e-05 0 0
0 -1 0 0 4.2047e-06 0 0
0 -1 0 0 6.53723e-07 0 0
0 2 0 0 0 1.65407e-10 0
0 -1 0 0 1.54967e-08 0 0
0 1 1.83619e-11 0 0 0 0
0 1 8.0496e-17 0 0 0 0
0 1 1.10187e-20 0 0 0 0
0 -1 0 0 7.54876e-14 0 0
0 -1 0 0 4.59085e-11 0 0
0 -1 0 0 8.77971e-05 0 0
0 1 0.000246835 0 0 0 0
0 -1 0 0 0.000833185 0 0
0 1 0.0011052 0 0 0 0
0 -1 0 0 0.00123932 0 0
0 -1 0 0 0.00140167 0 0
0 -1 0 0 0.00138731 0 0
0 -1 0 0 0.00113138 0 0
0 -1 0 0 0.00109903 0 0
0 -1 0 0 0.000689939 0 0
0 -1 0 0 0.00055994 0 0
0 -2 0 0.000462959 0 0 0
0 1 0.000683566 0 0 0 0
0 -1 0 0 0.000707598 0 0
0 -2 0 0.0004578 0 0 0
0 1 0.000885074 0 0 0 0
0 2 0 0 0 0.000638856 0
0 1 0.000401035 0 0 0 0
0 2 0 0 0 0.000656044 0
0 1 0.000939207 0 0 0 0
0 2 0 0 0 0.00061003 0
0 2 0 0 0 0.000662956 0
0 2 0 0 0 0.00063111 0
0 1 0.00052926 0 0 0 0
0 1 0.000575147 0 0 0 0
0 1 0.00102121 0 0 0 0
0 1 0.000916156 0 0 0 0
0 1 0.000386515 0 0 0 0
0 1 0.000689579 0 0 0 0
0 1 0.000757524 0 0 0 0
0 1 0.00102072 0 0 0 0
0 1 0.000552822 0 0 0 0
0 1 0.000824259 0 0 0 0
0 -2 0 0.000443506 0 0 0
0 1 1.10986e-09 0 0 0 0
0 1 2.38643e-07 0 0 0 0
0 1 7.28474e-08 0 0 0 0
0 1 1.61759e-05 0 0 0 0
0 -1 0 0 0.000249237 0 0
0 1 4.88702e-05 0 0 0 0
0 -1 0 0 0.000715912 0 0
0 1 0.000387978 0 0 0 0
0 1 0.000860163 0 0 0 0
0 -1 0 0 0.00100585 0 0
0 -1 0 0 0.00132251 0 0
0 -1 0 0 0.00100219 0 0
0 -1 0 0 0.000755666 0 0
0 -1 0 0 0.000300134 0 0
0 -1 0 0 0.000205805 0 0
0 -1 0 0 0.000366766 0 0
0 -1 0 0 0.00035854 0 0
0 -1 0 0 1.17544e-05 0 0
0 -1 0 0 1.01162e-06 0 0
0 -1 0 0 8.0793e-05 0 0
0 1 1.06553e-06 0 0 0 0
0 -1 0 0 0.000247866 0 0
0 -1 0 0 0.000577081 0 0
0 -1 0 0 0.000812038 0 0
0 -1 0 0 0.00100273 0 0
0 -1 0 0 1.17659e-09 0 0
0 -1 0 0 1.27858e-14 0 0
0 1 1.71938e-09 0 0 0 0
0 -1 0 0 9.10832e-06 0 0
0 -1 0 0 9.8551e-05 0 0
0 -1 0 0 3.57097e-05 0 0
0 -1 0 0 0.000185402 0 0
0 -1 0 0 0.000308081 0 0
0 1 0.000552694 0 0 0 0
0 -1 0 0 0.000161905 0 0
0 -1 0 0 5.94404e-05 0 0
0 -1 0 0 0.000111121 0 0
0 -1 0 0 0.0001133 0 0
0 -1 0 0 0.000289284 0 0
0 1 0.000482183 0 0 0 0
0 -1 0 0 0.0012374 0 0
0 -1 0 0 0.00117019 0 0
0 1 0.000500016 0 0 0 0
0 -1 0 0 0.00121196 0 0
0 -1 0 0 0.000679661 0 0
0 -1 0 0 0.000822316 0 0
0 -1 0 0 0.000206006 0 0
0 -1 0 0 8.44014e-05 0 0
0 1 9.94533e-05 0 0 0 0
0 -1 0 0 0.000332887 0 0
0 1 0.000876778 0 0 0 0
0 1 0.000936387 0 0 0 0
0 -1 0 0 3.33459e-05 0 0
0 1 0.000342598 0 0 0 0
0 -1 0 0 0.000293626 0 0
0 1 6.05024e-05 0 0 0 0
0 1 0.000275665 0 0 0 0
0 -1 0 0 0.00022414 0 0
0 -1 0 0 0.000273984 0 0
0 -1 0 0 0.000184089 0 0
0 -1 0 0 0.000127319 0 0
0 -1 0 0 0.000159537 0 0
0 -1 0 0 3.87749e-05 0 0
0 -1 0 0 6.9295e-06 0 0
0 -1 0 0 2.48626e-07 0 0
0 -1 0 0 1.42294e-07 0 0
0 -1 0 0 3.39179e-07 0 0
0 -1 0 0 2.01185e-06 0 0
0 1 1.20317e-05 0 0 0 0
0 -1 0 0 8.20032e-05 0 0
0 -1 0 0 4.69416e-06 0 0
0 -1 0 0 1.18654e-07 0 0
0 -1 0 0 4.18968e-08 0 0
0 -1 0 0 2.96879e-07 0 0
0 -1 0 0 1.2119e-05 0 0
0 1 0.000103236 0 0 0 0
0 -1 0 0 0.000114559 0 0
0 1 9.9038e-05 0 0 0 0
0 1 0.000679017 0 0 0 0
0 1 0.000509586 0 0 0 0
0 1 0.000723892 0 0 0 0
0 1 0.000438776 0 0 0 0
0 1 0.00019088 0 0 0 0
0 -2 0 0.000434715 0 0 0
0 1 0.000706355 0 0 0 0
0 -2 0 0.000489004 0 0 0
0 1 0.00111344 0 0 0 0
0 -1 0 0 0.00185567 0 0
0 -1 0 0 0.000157684 0 0
0 1 7.46902e-06 0 0 0 0
0 1 0.000454196 0 0 0 0
0 -2 0 0.000438656 0 0 0
0 -2 0 0.000443313 0 0 0
0 1 0.000178159 0 0 0 0
0 -1 0 0 2.74616e-06 0 0
0 1 3.3108e-05 0 0 0 0
0 1 1.16895e-05 0 0 0 0
0 1 2.55202e-06 0 0 0 0
0 1 6.88078e-06 0 0 0 0
0 1 0.000104175 0 0 0 0
0 1 0.00053983 0 0 0 0
0 1 0.000569999 0 0 0 0
0 1 0.000769043 0 0 0 0
0 1 0.000726444 0 0 0 0
0 2 0 0 0 0.000584846 0
0 1 0.000655495 0 0 0 0
0 1 0.000684745 0 0 0 0
0 2 0 0 0 0.000650404 0
0 2 0 0 0 0.000669184 0
0 2 0 0 0 0.000680986 0
0 2 0 0 0 0.000680933 0
0 2 0 0 0 0.000687571 0
0 1 0.00120588 0 0 0 0
0 2 0 0 0 0.000675035 0
0 2 0 0 0 0.000568196 0
0 2 0 0 0 0.000602078 0
0 1 0.000469794 0 0 0 0
0 1 0.000729244 0 0 0 0
0 1 0.000479955 0 0 0 0
0 1 0.000392263 0 0 0 0
0 1 5.61547e-05 0 0 0 0
0 -1 0 0 0.000523944 0 0
0 1 0.000285494 0 0 0 0
0 1 0.000244745 0 0 0 0
0 1 0.000357962 0 0 0 0
0 1 0.000103576 0 0 0 0
0 2 0 0 0 0.000588423 0
0 1 0.000100683 0 0 0 0
0 1 0.00110145 0 0 0 0
0 -1 0 0 0.000415458 0 0
0 -1 0 0 1.96131e-05 0 0
0 1 5.10147e-05 0 0 0 0
0 1 0.000213637 0 0 0 0
0 -1 0 0 0.000631903 0 0
0 -1 0 0 0.000419857 0 0
0 -1 0 0 0.00019532 0 0
0 1 1.03665e-11 0 0 0 0
0 1 2.28965e-14 0 0 0 0
0 1 2.94786e-16 0 0 0 0
0 -1 0 0 2.73212e-11 0 0
0 -1 0 0 3.56224e-05 0 0
0 -1 0 0 7.23294e-05 0 0
0 1 7.06842e-05 0 0 0 0
0 1 0.000254882 0 0 0 0
0 -1 0 0 4.21312e-05 0 0
0 -1 0 0 4.2047e-06 0 0
0 -1 0 0 6.53723e-07 0 0
0 2 0 0 0 1.65407e-10 0
0 -1 0 0 1.54967e-08 0 0
0 1 1.83619e-11 0 0 0 0
0 1 8.0496e-17 0 0 0 0
0 1 1.10187e-20 0 0 0 0
0 -1 0 0 7.54876e-14 0 0
0 -1 0 0 4.59085e-11 0 0
0 -1 0 0 8.77971e-05 0 0
0 1 0.000246835 0 0 0 0
0 1 0.00072029 0 0 0 0
0 1 0.000648087 0 0 0 0
0 -1 0 0 0.000733876 0 0
0 1 0.000330672 0 0 0 0
0 1 0.00130568 0 0 0 0
0 -1 0 0 0.000827007 0 0
0 1 0.000690151 0 0 0 0
0 -1 0 0 0.000598593 0 0
0 1 0.000361671 0 0 0 0
0 1 0.000609734 0 0 0 0
0 -1 0 0 0.000702682 0 0
0 -1 0 0 0.000740454 0 0
0 1 0.000765078 0 0 0 0
0 1 0.000156277 0 0 0 0
0 -1 0 0 0.000142832 0 0
0 -1 0 0 0.000282278 0 0
0 -1 0 0 0.000470565 0 0
0 -1 0 0 6.42741e-05 0 0
0 1 0.000201605 0 0 0 0
0 1 0.000249759 0 0 0 0
0 -1 0 0 0.000198549 0 0
0 2 0 0 0 0.000538887 0
0 1 1.28115e-06 0 0 0 0
0 -1 0 0 8.60167e-05 0 0
0 -1 0 0 5.22553e-07 0 0
0 -1 0 0 3.66086e-15 0 0
0 1 7.32168e-46 0 0 0 0
0 1 1.11586e-14 0 0 0 0
0 1 9.36622e-06 0 0 0 0
0 1 3.82409e-05 0 0 0 0
0 -1 0 0 1.99365e-12 0 0
0 1 1.74673e-12 0 0 0 0
0 1 2.62885e-06 0 0 0 0
0 1 0.000134829 0 0 0 0
0 1 0.000942356 0 0 0 0
0 1 0.000520775 0 0 0 0
0 1 0.00139879 0 0 0 0
0 -2 0 0.00131657 0 0 0
0 1 0.0015916 0 0 0 0
0 1 0.00124702 0 0 0 0
0 -2 0 0.0012775 0 0 0
0 1 0.000987924 0 0 0 0
0 1 0.00144557 0 0 0 0
0 -1 0 0 0.000929112 0 0
0 1 0.00134132 0 0 0 0
0 1 0.00228036 0 0 0 0
0 -1 0 0 0.00124223 0 0
0 1 0.00148386 0 0 0 0
0 1 0.00196223 0 0 0 0
0 1 0.00158131 0 0 0 0
0 1 0.000677867 0 0 0 0
0 -1 0 0 0.00174497 0 0
0 -1 0 0 0.00102105 0 0
0 1 0.00014427 0 0 0 0
0 -1 0 0 0.00195291 0 0
0 -1 0 0 0.000387874 0 0
0 -1 0 0 7.89148e-08 0 0
0 1 1.13968e-05 0 0 0 0
0 1 3.17756e-06 0 0 0 0
0 1 1.0749e-05 0 0 0 0
0 1 2.59107e-05 0 0 0 0
0 1 2.76895e-05 0 0 0 0
0 1 9.40531e-05 0 0 0 0
0 -1 0 0 8.49327e-11 0 0
0 1 0.000279725 0 0 0 0
0 1 5.26181e-05 0 0 0 0
0 1 1.51043e-07 0 0 0 0
0 1 8.15882e-08 0 0 0 0
0 1 1.54595e-06 0 0 0 0
0 1 0.000406514 0 0 0 0
0 1 4.57317e-05 0 0 0 0
0 1 5.34009e-05 0 0 0 0
0 1 6.14439e-05 0 0 0 0
0 1 0.00016269 0 0 0 0
0 -2 0 0.000529774 0 0 0
0 1 1.28481e-05 0 0 0 0
0 1 0.000448126 0 0 0 0
0 1 0.000114003 0 0 0 0
0 -2 0 0.000168615 0 0 0
0 1 1.76548e-06 0 0 0 0
0 1 2.44265e-05 0 0 0 0
0 1 0.000404816 0 0 0 0
0 1 0.000459936 0 0 0 0
0 1 0.000820659 0 0 0 0
0 1 0.00083673 0 0 0 0
0 1 0.000546109 0 0 0 0
0 1 0.000546251 0 0 0 0
0 -1 0 0 0.000532973 0 0
0 -1 0 0 0.000192949 0 0
0 -1 0 0 0.000570362 0 0
0 1 0.00204756 0 0 0 0
0 1 0.000475013 0 0 0 0
0 -1 0 0 9.26497e-06 0 0
0 1 7.69177e-06 0 0 0 0
0 1 2.92729e-05 0 0 0 0
0 1 4.69145e-05 0 0 0 0
0 1 4.0691e-05 0 0 0 0
0 1 0.000525743 0 0 0 0
0 1 0.000475021 0 0 0 0
0 1 0.000399893 0 0 0 0
0 1 3.39446e-09 0 0 0 0
0 -1 0 0 0.00131173 0 0
0 1 0.00115968 0 0 0 0
0 2 0 0 0 0.0011094 0
0 1 0.00038581 0 0 0 0
0 -1 0 0 0.00111351 0 0
0 -1 0 0 0.00117997 0 0
0 -1 0 0 0.00112888 0 0
0 1 0.000527276 0 0 0 0
0 1 0.000561769 0 0 0 0
0 1 0.000240473 0 0 0 0
0 1 0.000352868 0 0 0 0
0 -1 0 0 0.000450521 0 0
0 1 0.000814552 0 0 0 0
0 1 0.000342356 0 0 0 0
0 1 4.89648e-05 0 0 0 0
0 1 6.44082e-06 0 0 0 0
0 1 1.79152e-06 0 0 0 0
0 1 0.000519425 0 0 0 0
0 1 0.000505638 0 0 0 0
0 -1 0 0 0.000473154 0 0
0 -1 0 0 6.53964e-05 0 0
0 -1 0 0 0.000170425 0 0
0 1 0.000506789 0 0 0 0
0 1 0.000397501 0 0 0 0
0 -1 0 0 1.3942e-06 0 0
0 -1 0 0 4.37374e-05 0 0
0 -1 0 0 0.000526607 0 0
0 -1 0 0 0.000764523 0 0
0 -1 0 0 0.000677617 0 0
0 1 4.13509e-05 0 0 0 0
0 -1 0 0 0.00140281 0 0
0 1 0.00166508 0 0 0 0
0 1 0.00138469 0 0 0 0
0 -1 0 0 0.00169132 0 0
0 -1 0 0 0.000801111 0 0
0 -1 0 0 0.000556762 0 0
0 1 0.000405993 0 0 0 0
0 -1 0 0 0.00032301 0 0
0 1 0.00045168 0 0 0 0
0 1 6.355e-05 0 0 0 0
0 1 1.08885e-05 0 0 0 0
0 1 0.000470455 0 0 0 0
0 -1 0 0 1.22908e-08 0 0
0 -1 0 0 5.38557e-09 0 0
0 -1 0 0 2.49642e-05 0 0
0 -1 0 0 0.000597329 0 0
0 1 0.000369145 0 0 0 0
0 -1 0 0 0.000420061 0 0
0 1 1.26939e-05 0 0 0 0
0 1 4.72506e-06 0 0 0 0
0 -1 0 0 1.4376e-06 0 0
0 -1 0 0 4.37742e-06 0 0
0 1 0.000351028 0 0 0 0
0 -1 0 0 0.000365263 0 0
0 1 0.000380122 0 0 0 0
0 -1 0 0 0.000646061 0 0
0 -1 0 0 0.000517092 0 0
0 -1 0 0 0.000438117 0 0
0 -1 0 0 0.000672718 0 0
0 -1 0 0 0.000642189 0 0
0 -1 0 0 0.000360419 0 0
0 1 5.41323e-08 0 0 0 0
0 1 2.92021e-06 0 0 0 0
0 -1 0 0 3.10235e-05 0 0
0 1 0.000729018 0 0 0 0
0 -1 0 0 0.000710781 0 0
0 -1 0 0 0.00106899 0 0
0 -1 0 0 0.000930566 0 0
0 -1 0 0 1.9434e-08 0 0
0 -1 0 0 0.00124059 0 0
0 -1 0 0 0.00119925 0 0
0 -1 0 0 0.000984305 0 0
0 -1 0 0 0.000602392 0 0
0 -1 0 0 0.000293148 0 0
0 -1 0 0 0.000284533 0 0
0 -1 0 0 0.000510333 0 0
0 1 0.000355185 0 0 0 0
0 -1 0 0 0.000345721 0 0
0 1 0.000322297 0 0 0 0
0 -1 0 0 0.000514946 0 0
0 1 0.000317281 0 0 0 0
0 -1 0 0 0.000201468 0 0
0 1 1.20065e-06 0 0 0 0
0 1 7.71937e-06 0 0 0 0
0 -1 0 0 1.18218e-11 0 0
0 2 0 0 0 0.000602515 0
0 2 0 0 0 0.000625669 0
0 -1 0 0 7.9448e-09 0 0
0 -1 0 0 3.28965e-08 0 0
0 -1 0 0 9.78002e-07 0 0
0 1 0.000261696 0 0 0 0
0 -1 0 0 0.000478937 0 0
0 -1 0 0 0.00115578 0 0
0 -1 0 0 0.000677773 0 0
0 -1 0 0 0.000969734 0 0
0 2 0 0 0 0.00121832 0
0 -1 0 0 0.000992787 0 0
0 -1 0 0 0.000910772 0 0
0 -1 0 0 0.000645722 0 0
0 -1 0 0 0.000809402 0 0
0 -1 0 0 0.000725133 0 0
0 -1 0 0 0.00033892 0 0
0 -1 0 0 0.000206479 0 0
0 -1 0 0 0.000158197 0 0
0 1 4.95825e-06 0 0 0 0
0 1 6.41961e-05 0 0 0 0
0 1 0.000111445 0 0 0 0
0 1 0.000142584 0 0 0 0
0 -1 0 0 0.00110219 0 0
0 -2 0 0.000901242 0 0 0
0 1 0.000912312 0 0 0 0
0 -1 0 0 0.0016667 0 0
0 1 0.000997329 0 0 0 0
0 1 0.000758498 0 0 0 0
0 1 5.74961e-05 0 0 0 0
0 -1 0 0 0.00143397 0 0
0 -1 0 0 0.000200285 0 0
0 1 0.000223521 0 0 0 0
0 2 0 0 0 0.000199786 0
0 1 0.000478639 0 0 0 0
0 1 5.15679e-06 0 0 0 0
0 1 0.000183742 0 0 0 0
0 -1 0 0 0.000195953 0 0
0 -1 0 0 0.000662126 0 0
0 1 0.000181454 0 0 0 0
0 1 0.000451409 0 0 0 0
0 1 0.000262026 0 0 0 0
0 -1 0 0 0.00050972 0 0
0 1 4.85901e-07 0 0 0 0
0 1 0.000199245 0 0 0 0
0 -1 0 0 0.0016854 0 0
0 1 0.000227512 0 0 0 0
0 -1 0 0 0.000540173 0 0
0 -1 0 0 2.5724e-05 0 0
0 1 5.64727e-05 0 0 0 0
0 -1 0 0 0.000121718 0 0
0 -1 0 0 0.00023155 0 0
0 -1 0 0 1.80927e-05 0 0
0 -1 0 0 1.5158e-05 0 0
0 -1 0 0 2.04023e-07 0 0
0 -1 0 0 8.05123e-08 0 0
0 -1 0 0 0.000322083 0 0
0 1 0.00036878 0 0 0 0
0 -1 0 0 2.87453e-05 0 0
0 1 6.51186e-05 0 0 0 0
0 -1 0 0 0.000349153 0 0
0 1 3.96123e-05 0 0 0 0
0 1 1.31631e-05 0 0 0 0
0 -1 0 0 7.10648e-05 0 0
0 1 0.0010195 0 0 0 0
0 -1 0 0 0.000871948 0 0
0 1 0.000118626 0 0 0 0
0 1 7.5182e-05 0 0 0 0
0 1 0.00016976 0 0 0 0
0 1 0.000517975 0 0 0 0
0 1 1.13375e-05 0 0 0 0
0 -1 0 0 0.0005118 0 0
0 -1 0 0 0.00102479 0 0
0 -1 0 0 0.00154699 0 0
0 1 0.00102772 0 0 0 0
0 1 0.00115039 0 0 0 0
0 1 0.000362825 0 0 0 0
0 1 0.00104729 0 0 0 0
0 -1 0 0 0.000988488 0 0
0 1 0.00096686 0 0 0 0
0 1 0.000461685 0 0 0 0
0 1 0.000191046 0 0 0 0
0 1 0.00102609 0 0 0 0
0 -1 0 0 0.00238359 0 0
0 1 0.00265543 0 0 0 0
0 1 2.10537e-06 0 0 0 0
0 1 0.000140747 0 0 0 0
0 -1 0 0 0.000564286 0 0
0 -1 0 0 0.00126806 0 0
0 1 0.000801199 0 0 0 0
0 1 0.000421658 0 0 0 0
0 1 0.000962393 0 0 0 0
0 -2 0 0.00196097 0 0 0
0 1 0.00254639 0 0 0 0
0 1 0.000377698 0 0 0 0
0 1 0.00148087 0 0 0 0
0 1 0.0017109 0 0 0 0
0 1 0.000378194 0 0 0 0
0 1 6.12866e-05 0 0 0 0
0 1 0.000121311 0 0 0 0
0 1 0.00052198 0 0 0 0
0 -1 0 0 0.000622828 0 0
0 1 0.000436727 0 0 0 0
0 1 0.00098735 0 0 0 0
0 1 0.000918045 0 0 0 0
0 1 0.00090507 0 0 0 0
0 1 0.000636651 0 0 0 0
0 1 0.000455404 0 0 0 0
0 1 1.62494e-05 0 0 0 0
0 1 0.000473305 0 0 0 0
0 -1 0 0 0.00215034 0 0
0 -1 0 0 0.0021133 0 0
0 -1 0 0 0.0017489 0 0
0 1 0.00121132 0 0 0 0
0 -1 0 0 0.00121153 0 0
0 1 0.000636909 0 0 0 0
0 -1 0 0 0.00168443 0 0
0 -1 0 0 0.000970079 0 0
0 -1 0 0 0.000914343 0 0
0 -1 0 0 0.000840195 0 0
0 -1 0 0 0.000781809 0 0
0 -1 0 0 0.000453446 0 0
0 -1 0 0 0.000220678 0 0
0 1 0.000329639 0 0 0 0
0 -1 0 0 0.000201189 0 0
0 1 0.00153573 0 0 0 0
0 1 0.00193175 0 0 0 0
0 1 0.00172073 0 0 0 0
0 1 0.00104258 0 0 0 0
0 1 0.00101854 0 0 0 0
0 1 6.64736e-05 0 0 0 0
0 1 8.68766e-05 0 0 0 0
0 -1 0 0 6.52868e-05 0 0
0 -1 0 0 0.00041374 0 0
0 1 0.000235398 0 0 0 0
0 -1 0 0 0.000690233 0 0
0 1 4.99739e-05 0 0 0 0
0 1 0.000371859 0 0 0 0
0 1 0.000377404 0 0 0 0
0 1 0.000401621 0 0 0 0
0 -1 0 0 0.000444387 0 0
0 1 1.43299e-05 0 0 0 0
0 1 1.80568e-06 0 0 0 0
0 1 1.46647e-06 0 0 0 0
0 -2 0 0.000355641 0 0 0
0 1 4.90242e-05 0 0 0 0
0 1 7.20044e-07 0 0 0 0
0 1 9.25725e-05 0 0 0 0
0 1 0.00100739 0 0 0 0
0 1 0.000780531 0 0 0 0
0 1 0.00100505 0 0 0 0
0 -2 0 0.00136471 0 0 0
0 1 0.00110794 0 0 0 0
0 -1 0 0 0.000957884 0 0
0 1 0.000495027 0 0 0 0
0 1 2.9365e-07 0 0 0 0
0 -1 0 0 0.000485338 0 0
0 1 0.000552746 0 0 0 0
0 1 0.000274002 0 0 0 0
0 1 0.000112671 0 0 0 0
0 1 0.000491945 0 0 0 0
0 1 0.000510219 0 0 0 0
0 -1 0 0 0.000504322 0 0
0 1 0.00116542 0 0 0 0
0 1 0.000595813 0 0 0 0
0 1 8.02332e-05 0 0 0 0
0 1 0.000384087 0 0 0 0
0 -1 0 0 0.000833185 0 0
0 1 0.0011052 0 0 0 0
0 -1 0 0 0.00123932 0 0
0 -1 0 0 0.00140167 0 0
0 -1 0 0 0.00138731 0 0
0 -1 0 0 0.00113138 0 0
0 -1 0 0 0.00109903 0 0
0 -1 0 0 0.000689939 0 0
0 -1 0 0 0.00055994 0 0
0 -2 0 0.000462959 0 0 0
0 1 0.000683566 0 0 0 0
0 -1 0 0 0.000707598 0 0
0 -2 0 0.0004578 0 0 0
0 1 0.000885074 0 0 0 0
0 2 0 0 0 0.000638856 0
0 1 0.000401035 0 0 0 0
0 2 0 0 0 0.000656044 0
0 1 0.000939207 0 0 0 0
0 2 0 0 0 0.00061003 0
0 2 0 0 0 0.000662956 0
0 2 0 0 0 0.00063111 0
0 1 0.00052926 0 0 0 0
0 1 0.000575147 0 0 0 0
0 1 0.00102121 0 0 0 0
0 1 0.000916156 0 0 0 0
0 1 0.000386515 0 0 0 0
0 1 0.000689579 0 0 0 0
0 1 0.000757524 0 0 0 0
0 1 0.00102072 0 0 0 0
0 1 0.000552822 0 0 0 0
0 1 0.000824259 0 0 0 0
0 -2 0 0.000443506 0 0 0
0 1 1.10986e-09 0 0 0 0
0 1 2.38643e-07 0 0 0 0
0 1 7.28474e-08 0 0 0 0
0 1 1.61759e-05 0 0 0 0
0 -1 0 0 0.000249237 0 0
0 1 4.88702e-05 0 0 0 0
0 -1 0 0 0.000715912 0 0
0 1 0.000387978 0 0 0 0
0 1 0.000860163 0 0 0 0
0 -1 0 0 0.00100585 0 0
0 -1 0 0 0.00132251 0 0
0 -1 0 0 0.00100219 0 0
0 -1 0 0 0.000755666 0 0
0 -1 0 0 0.000300134 0 0
0 -1 0 0 0.000205805 0 0
0 -1 0 0 0.000366766 0 0
0 -1 0 0 0.00035854 0 0
0 -1 0 0 1.17544e-05 0 0
0 -1 0 0 1.01162e-06 0 0
0 -1 0 0 8.0793e-05 0 0
0 1 1.06553e-06 0 0 0 0
0 -1 0 0 0.000247866 0 0
0 -1 0 0 0.000577081 0 0
0 -1 0 0 0.000812038 0 0
0 -1 0 0 0.00100273 0 0
0 -1 0 0 1.17659e-09 0 0
0 -1 0 0 1.27858e-14 0 0
0 1 1.71938e-09 0 0 0 0
0 -1 0 0 9.10832e-06 0 0
0 -1 0 0 9.8551e-05 0 0
0 -1 0 0 3.57097e-05 0 0
0 -1 0 0 0.000185402 0 0
0 -1 0 0 0.000308081 0 0
0 1 0.000552694 0 0 0 0
0 -1 0 0 0.000161905 0 0
0 -1 0 0 5.94404e-05 0 0
0 -1 0 0 0.000111121 0 0
0 -1 0 0 0.0001133 0 0
0 -1 0 0 0.000289284 0 0
0 1 0.000482183 0 0 0 0
0 -1 0 0 0.0012374 0 0
0 -1 0 0 0.00117019 0 0
0 1 0.000500016 0 0 0 0
0 -1 0 0 0.00121196 0 0
0 -1 0 0 0.000679661 0 0
0 -1 0 0 0.000822316 0 0
0 -1 0 0 0.000206006 0 0
0 -1 0 0 8.44014e-05 0 0
0 1 9.94533e-05 0 0 0 0
0 -1 0 0 0.000332887 0 0
0 1 0.000876778 0 0 0 0
0 1 0.000936387 0 0 0 0
0 -1 0 0 3.33459e-05 0 0
0 1 0.000342598 0 0 0 0
0 -1 0 0 0.000293626 0 0
0 1 6.05024e-05 0 0 0 0
0 1 0.000275665 0 0 0 0
0 -1 0 0 0.00022414 0 0
0 -1 0 0 0.000273984 0 0
0 -1 0 0 0.000184089 0 0
0 -1 0 0 0.000127319 0 0
0 -1 0 0 0.000159537 0 0
0 -1 0 0 3.87749e-05 0 0
0 -1 0 0 6.9295e-06 0 0
0 -1 0 0 2.48626e-07 0 0
0 -1 0 0 1.42294e-07 0 0
0 -1 0 0 3.39179e-07 0 0
0 -1 0 0 2.01185e-06 0 0
0 1 1.20317e-05 0 0 0 0
0 -1 0 0 8.20032e-05 0 0
0 -1 0 0 4.69416e-06 0 0
0 -1 0 0 1.18654e-07 0 0
0 -1 0 0 4.18968e-08 0 0
0 -1 0 0 2.96879e-07 0 0
0 -1 0 0 1.2119e-05 0 0
0 1 0.000103236 0 0 0 0
0 -1 0 0 0.000114559 0 0
0 1 9.9038e-05 0 0 0 0
0 1 0.000679017 0 0 0 0
0 1 0.000509586 0 0 0 0
0 1 0.000723892 0 0 0 0
0 1 0.000438776 0 0 0 0
0 1 0.00019088 0 0 0 0
0 -2 0 0.000434715 0 0 0
0 1 0.000706355 0 0 0 0
0 -2 0 0.000489004 0 0 0
0 1 0.00111344 0 0 0 0
0 -1 0 0 0.00185567 0 0
0 -1 0 0 0.000157684 0 0
0 1 7.46902e-06 0 0 0 0
0 1 0.000454196 0 0 0 0
0 -2 0 0.000438656 0 0 0
0 -2 0 0.000443313 0 0 0
0 1 0.000178159 0 0 0 0
0 -1 0 0 2.74616e-06 0 0
0 1 3.3108e-05 0 0 0 0
0 1 1.16895e-05 0 0 0 0
0 1 2.55202e-06 0 0 0 0
0 1 6.88078e-06 0 0 0 0
0 1 0.000104175 0 0 0 0
0 1 0.00053983 0 0 0 0
0 1 0.000569999 0 0 0 0
0 1 0.000769043 0 0 0 0
0 1 0.000726444 0 0 0 0
0 2 0 0 0 0.000584846 0
0 1 0.000655495 0 0 0 0
0 1 0.000684745 0 0 0 0
0 2 0 0 0 0.000650404 0
0 2 0 0 0 0.000669184 0
0 2 0 0 0 0.000680986 0
0 2 0 0 0 0.000680933 0
0 2 0 0 0 0.000687571 0
0 1 0.00120588 0 0 0 0
0 2 0 0 0 0.000675035 0
0 2 0 0 0 0.000568196 0
0 2 0 0 0 0.000602078 0
0 1 0.000469794 0 0 0 0
0 1 0.000729244 0 0 0 0
0 1 0.000479955 0 0 0 0
0 1 0.000392263 0 0 0 0
0 1 5.61547e-05 0 0 0 0
0 -1 0 0 0.000523944 0 0
0 1 0.000285494 0 0 0 0
0 1 0.000244745 0 0 0 0
0 1 0.000357962 0 0 0 0
0 1 0.000103576 0 0 0 0
0 2 0 0 0 0.000588423 0
0 1 0.000100683 0 0 0 0
0 1 0.00110145 0 0 0 0
0 -1 0 0 0.000415458 0 0
0 -1 0 0 1.96131e-05 0 0
0 1 5.10147e-05 0 0 0 0
0 1 0.000213637 0 0 0 0
0 -1 0 0 0.000631903 0 0
0 -1 0 0 0.000419857 0 0
0 -1 0 0 0.00019532 0 0
0 1 1.03665e-11 0 0 0 0
0 1 2.28965e-14 0 0 0 0
0 1 2.94786e-16 0 0 0 0
0 -1 0 0 2.73212e-11 0 0
0 -1 0 0 3.56224e-05 0 0
0 -1 0 0 7.23294e-05 0 0
0 1 7.06842e-05 0 0 0 0
0 1 0.000254882 0 0 0 0
0 -1 0 0 4.21312e-05 0 0
0 -1 0 0 4.2047e-06 0 0
0 -1 0 0 6.53723e-07 0 0
0 2 0 0 0 1.65407e-10 0
0 -1 0 0 1.54967e-08 0 0
0 1 1.83619e-11 0 0 0 0
0 1 8.0496e-17 0 0 0 0
0 1 1.10187e-20 0 0 0 0
0 -1 0 0 7.54876e-14 0 0
0 -1 0 0 4.59085e-11 0 0
0 -1 0 0 8.77971e-05 0 0
0 1 0.000246835 0 0 0 0
0 1 0.00072029 0 0 0 0
0 1 0.000648087 0 0 0 0
0 -1 0 0 0.000733876 0 0
0 1 0.000330672 0 0 0 0
0 1 0.00130568 0 0 0 0
0 -1 0 0 0.000827007 0 0
0 1 0.000690151 0 0 0 0
0 -1 0 0 0.000598593 0 0
0 1 0.000361671 0 0 0 0
0 1 0.000609734 0 0 0 0
0 -1 0 0 0.000702682 0 0
0 -1 0 0 0.000740454 0 0
0 1 0.000765078 0 0 0 0
0 1 0.000156277 0 0 0 0
0 -1 0 0 0.000142832 0 0
0 -1 0 0 0.000282278 0 0
0 -1 0 0 0.000470565 0 0
0 -1 0 0 6.42741e-05 0 0
0 1 0.000201605 0 0 0 0
0 1 0.000249759 0 0 0 0
0 -1 0 0 0.000198549 0 0
0 2 0 0 0 0.000538887 0
0 1 1.28115e-06 0 0 0 0
0 -1 0 0 8.60167e-05 0 0
0 -1 0 0 5.22553e-07 0 0
0 -1 0 0 3.66086e-15 0 0
0 1 7.32168e-46 0 0 0 0
0 1 1.11586e-14 0 0 0 0
0 1 9.36622e-06 0 0 0 0
0 1 3.82409e-05 0 0 0 0
0 -1 0 0 1.99365e-12 0 0
0 1 1.74673e-12 0 0 0 0
0 1 2.62885e-06 0 0 0 0
0 1 0.000134829 0 0 0 0
0 1 0.000942356 0 0 0 0
0 1 0.000520775 0 0 0 0
0 1 0.00139879 0 0 0 0
0 -2 0 0.00131657 0 0 0
0 1 0.0015916 0 0 0 0
0 1 0.00124702 0 0 0 0
0 -2 0 0.0012775 0 0 0
0 1 0.000987924 0 0 0 0
0 1 0.00144557 0 0 0 0
0 -1 0 0 0.000929112 0 0
0 1 0.00134132 0 0 0 0
0 1 0.00228036 0 0 0 0
0 -1 0 0 0.00124223 0 0
0 1 0.00148386 0 0 0 0
0 1 0.00196223 0 0 0 0
0 1 0.00158131 0 0 0 0
0 1 0.000677867 0 0 0 0
0 -1 0 0 0.00174497 0 0
0 -1 0 0 0.00102105 0 0
0 1 0.00014427 0 0 0 0
0 -1 0 0 0.00195291 0 0
0 -1 0 0 0.000387874 0 0
0 -1 0 0 7.89148e-08 0 0
0 1 1.13968e-05 0 0 0 0
0 1 3.17756e-06 0 0 0 0
0 1 1.0749e-05 0 0 0 0
0 1 2.59107e-05 0 0 0 0
0 1 2.76895e-05 0 0 0 0
0 1 9.40531e-05 0 0 0 0
0 -1 0 0 8.49327e-11 0 0
0 1 0.000279725 0 0 0 0
0 1 5.26181e-05 0 0 0 0
0 1 1.51043e-07 0 0 0 0
0 1 8.15882e-08 0 0 0 0
0 1 1.54595e-06 0 0 0 0
0 1 0.000406514 0 0 0 0
0 1 4.57317e-05 0 0 0 0
0 1 5.34009e-05 0 0 0 0
0 1 6.14439e-05 0 0 0 0
0 1 0.00016269 0 0 0 0
0 -2 0 0.000529774 0 0 0
0 1 1.28481e-05 0 0 0 0
0 1 0.000448126 0 0 0 0
0 1 0.000114003 0 0 0 0
0 -2 0 0.000168615 0 0 0
0 1 1.76548e-06 0 0 0 0
0 1 2.44265e-05 0 0 0 0
0 1 0.000404816 0 0 0 0
0 1 0.000459936 0 0 0 0
0 1 0.000820659 0 0 0 0
0 1 0.00083673 0 0 0 0
0 1 0.000546109 0 0 0 0
0 1 0.000546251 0 0 0 0
0 -1 0 0 0.000532973 0 0
0 -1 0 0 0.000192949 0 0
0 -1 0 0 0.000570362 0 0
0 1 0.00204756 0 0 0 0
0 1 0.000475013 0 0 0 0
0 -1 0 0 9.26497e-06 0 0
0 1 7.69177e-06 0 0 0 0
0 1 2.92729e-05 0 0 0 0
0 1 4.69145e-05 0 0 0 0
0 1 4.0691e-05 0 0 0 0
0 1 0.000525743 0 0 0 0
0 1 0.000475021 0 0 0 0
0 1 0.000399893 0 0 0 0
0 1 3.39446e-09 0 0 0 0
0 -1 0 0 0.00131173 0 0
0 1 0.00115968 0 0 0 0
0 2 0 0 0 0.0011094 0
0 1 0.00038581 0 0 0 0
0 -1 0 0 0.00111351 0 0
0 -1 0 0 0.00117997 0 0
0 -1 0 0 0.00112888 0 0
0 1 0.000527276 0 0 0 0
0 1 0.000561769 0 0 0 0
0 1 0.000240473 0 0 0 0
0 1 0.000352868 0 0 0 0
0 -1 0 0 0.000450521 0 0
0 1 0.000814552 0 0 0 0
0 1 0.000342356 0 0 0 0
0 1 4.89648e-05 0 0 0 0
0 1 6.44082e-06 0 0 0 0
0 1 1.79152e-06 0 0 0 0
0 1 0.000519425 0 0 0 0
0 1 0.000505638 0 0 0 0
0 -1 0 0 0.000473154 0 0
0 -1 0 0 6.53964e-05 0 0
0 -1 0 0 0.000170425 0 0
0 1 0.000506789 0 0 0 0
0 1 0.000397501 0 0 0 0
0 -1 0 0 1.3942e-06 0 0
0 -1 0 0 4.37374e-05 0 0
0 -1 0 0 0.000526607 0 0
0 -1 0 0 0.000764523 0 0
0 -1 0 0 0.000677617 0 0
0 1 4.13509e-05 0 0 0 0
0 -1 0 0 0.00140281 0 0
0 1 0.00166508 0 0 0 0
0 1 0.00138469 0 0 0 0
0 -1 0 0 0.00169132 0 0
0 -1 0 0 0.000801111 0 0
0 -1 0 0 0.000556762 0 0
0 1 0.000405993 0 0 0 0
0 -1 0 0 0.00032301 0 0
0 1 0.00045168 0 0 0 0
0 1 6.355e-05 0 0 0 0
0 1 1.08885e-05 0 0 0 0
0 1 0.000470455 0 0 0 0
0 -1 0 0 1.22908e-08 0 0
0 -1 0 0 5.38557e-09 0 0
0 -1 0 0 2.49642e-05 0 0
0 -1 0 0 0.000597329 0 0
0 1 0.000369145 0 0 0 0
0 -1 0 0 0.000420061 0 0
0 1 1.26939e-05 0 0 0 0
0 1 4.72506e-06 0 0 0 0
0 -1 0 0 1.4376e-06 0 0
0 -1 0 0 4.37742e-06 0 0
0 1 0.000351028 0 0 0 0
0 -1 0 0 0.000365263 0 0
0 1 0.000380122 0 0 0 0
0 -1 0 0 0.000646061 0 0
0 -1 0 0 0.000517092 0 0
0 -1 0 0 0.000438117 0 0
0 -1 0 0 0.000672718 0 0
0 -1 0 0 0.000642189 0 0
0 -1 0 0 0.000360419 0 0
0 1 5.41323e-08 0 0 0 0
0 1 2.92021e-06 0 0 0 0
0 -1 0 0 3.10235e-05 0 0
0 1 0.000729018 0 0 0 0
0 -1 0 0 0.000710781 0 0
0 -1 0 0 0.00106899 0 0
0 -1 0 0 0.000930566 0 0
0 -1 0 0 1.9434e-08 0 0
0 -1 0 0 0.00124059 0 0
0 -1 0 0 0.00119925 0 0
0 -1 0 0 0.000984305 0 0
0 -1 0 0 0.000602392 0 0
0 -1 0 0 0.000293148 0 0
0 -1 0 0 0.000284533 0 0
0 -1 0 0 0.000510333 0 0
0 1 0.000355185 0 0 0 0
0 -1 0 0 0.000345721 0 0
0 1 0.000322297 0 0 0 0
0 -1 0 0 0.000514946 0 0
0 1 0.000317281 0 0 0 0
0 -1 0 0 0.000201468 0 0
0 1 1.20065e-06 0 0 0 0
0 1 7.71937e-06 0 0 0 0
0 -1 0 0 1.18218e-11 0 0
0 2 0 0 0 0.000602515 0
0 2 0 0 0 0.000625669 0
0 -1 0 0 7.9448e-09 0 0
0 -1 0 0 3.28965e-08 0 0
0 -1 0 0 9.78002e-07 0 0
0 1 0.000261696 0 0 0 0
0 -1 0 0 0.000478937 0 0
0 -1 0 0 0.00115578 0 0
0 -1 0 0 0.000677773 0 0
0 -1 0 0 0.000969734 0 0
0 2 0 0 0 0.00121832 0
0 -1 0 0 0.000992787 0 0
0 -1 0 0 0.000910772 0 0
0 -1 0 0 0.000645722 0 0
0 -1 0 0 0.000809402 0 0
0 -1 0 0 0.000725133 0 0
0 -1 0 0 0.00033892 0 0
0 -1 0 0 0.000206479 0 0
0 -1 0 0 0.000158197 0 0
0 1 4.95825e-06 0 0 0 0
0 1 6.41961e-05 0 0 0 0
0 1 0.000111445 0 0 0 0
0 1 0.000142584 0 0 0 0
0 -1 0 0 0.00110219 0 0
0 -2 0 0.000901242 0 0 0
0 1 0.000912312 0 0 0 0
0 -1 0 0 0.0016667 0 0
0 1 0.000997329 0 0 0 0
0 1 0.000758498 0 0 0 0
0 1 5.74961e-05 0 0 0 0
0 -1 0 0 0.00143397 0 0
0 -1 0 0 0.000200285 0 0
0 1 0.000223521 0 0 0 0
0 2 0 0 0 0.000199786 0
0 1 0.000478639 0 0 0 0
0 1 5.15679e-06 0 0 0 0
0 1 0.000183742 0 0 0 0
0 -1 0 0 0.000195953 0 0
0 -1 0 0 0.000662126 0 0
0 1 0.000181454 0 0 0 0
0 1 0.000451409 0 0 0 0
0 1 0.000262026 0 0 0 0
0 -1 0 0 0.00050972 0 0
0 1 4.85901e-07 0 0 0 0
0 1 0.000199245 0 0 0 0
0 -1 0 0 0.0016854 0 0
0 1 0.000227512 0 0 0 0
0 -1 0 0 0.000540173 0 0
0 -1 0 0 2.5724e-05 0 0
0 1 5.64727e-05 0 0 0 0
0 -1 0 0 0.000121718 0 0
0 -1 0 0 0.00023155 0 0
0 -1 0 0 1.80927e-05 0 0
0 -1 0 0 1.5158e-05 0 0
0 -1 0 0 2.04023e-07 0 0
0 -1 0 0 8.05123e-08 0 0
0 -1 0 0 0.000322083 0 0
0 1 0.00036878 0 0 0 0
0 -1 0 0 2.87453e-05 0 0
0 1 6.51186e-05 0 0 0 0
0 -1 0 0 0.000349153 0 0
0 1 3.96123e-05 0 0 0 0
0 1 1.31631e-05 0 0 0 0
0 -1 0 0 7.10648e-05 0 0
0 1 0.0010195 0 0 0 0
0 -1 0 0 0.000871948 0 0
0 1 0.000118626 0 0 0 0
0 1 7.5182e-05 0 0 0 0
0 1 0.00016976 0 0 0 0
0 1 0.000517975 0 0 0 0
0 1 1.13375e-05 0 0 0 0
0 -1 0 0 0.0005118 0 0
0 -1 0 0 0.00102479 0 0
0 -1 0 0 0.00154699 0 0
0 1 0.00102772 0 0 0 0
0 1 0.00115039 0 0 0 0
0 1 0.000362825 0 0 0 0
0 1 0.00104729 0 0 0 0
0 -1 0 0 0.000988488 0 0
0 1 0.00096686 0 0 0 0
0 1 0.000461685 0 0 0 0
0 1 0.000191046 0 0 0 0
0 1 0.00102609 0 0 0 0
0 -1 0 0 0.00238359 0 0
0 1 0.00265543 0 0 0 0
0 1 2.10537e-06 0 0 0 0
0 1 0.000140747 0 0 0 0
0 -1 0 0 0.000564286 0 0
0 -1 0 0 0.00126806 0 0
0 1 0.000801199 0 0 0 0
0 1 0.000421658 0 0 0 0
0 1 0.000962393 0 0 0 0
0 -2 0 0.00196097 0 0 0
0 1 0.00254639 0 0 0 0
0 1 0.000377698 0 0 0 0
0 1 0.00148087 0 0 0 0
0 1 0.0017109 0 0 0 0
0 1 0.000378194 0 0 0 0
0 1 6.12866e-05 0 0 0 0
0 1 0.000121311 0 0 0 0
0 1 0.00052198 0 0 0 0
0 -1 0 0 0.000622828 0 0
0 1 0.000436727 0 0 0 0
0 1 0.00098735 0 0 0 0
0 1 0.000918045 0 0 0 0
0 1 0.00090507 0 0 0 0
0 1 0.000636651 0 0 0 0
0 1 0.000455404 0 0 0 0
0 1 1.62494e-05 0 0 0 0
0 1 0.000473305 0 0 0 0
0 -1 0 0 0.00215034 0 0
0 -1 0 0 0.0021133 0 0
0 -1 0 0 0.0017489 0 0
0 1 0.00121132 0 0 0 0
0 -1 0 0 0.00121153 0 0
0 1 0.000636909 0 0 0 0
0 -1 0 0 0.00168443 0 0
0 -1 0 0 0.000970079 0 0
0 -1 0 0 0.000914343 0 0
0 -1 0 0 0.000840195 0 0
0 -1 0 0 0.000781809 0 0
0 -1 0 0 0.000453446 0 0
0 -1 0 0 0.000220678 0 0
0 1 0.000329639 0 0 0 0
0 -1 0 0 0.000201189 0 0
0 1 0.00153573 0 0 0 0
0 1 0.00193175 0 0 0 0
0 1 0.00172073 0 0 0 0
0 1 0.00104258 0 0 0 0
0 1 0.00101854 0 0 0 0
0 1 6.64736e-05 0 0 0 0
0 1 8.68766e-05 0 0 0 0
0 -1 0 0 6.52868e-05 0 0
0 -1 0 0 0.00041374 0 0
0 1 0.000235398 0 0 0 0
0 -1 0 0 0.000690233 0 0
0 1 4.99739e-05 0 0 0 0
0 1 0.000371859 0 0 0 0
0 1 0.000377404 0 0 0 0
0 1 0.000401621 0 0 0 0
0 -1 0 0 0.000444387 0 0
0 1 1.43299e-05 0 0 0 0
0 1 1.80568e-06 0 0 0 0
0 1 1.46647e-06 0 0 0 0
0 -2 0 0.000355641 0 0 0
0 1 4.90242e-05 0 0 0 0
0 1 7.20044e-07 0 0 0 0
0 1 9.25725e-05 0 0 0 0
0 1 0.00100739 0 0 0 0
0 1 0.000780531 0 0 0 0
0 1 0.00100505 0 0 0 0
0 -2 0 0.00136471 0 0 0
0 1 0.00110794 0 0 0 0
0 -1 0 0 0.000957884 0 0
0 1 0.000495027 0 0 0 0
0 1 2.9365e-07 0 0 0 0
0 -1 0 0 0.000485338 0 0
0 1 0.000552746 0 0 0 0
0 1 0.000274002 0 0 0 0
0 1 0.000112671 0 0 0 0
0 1 0.000491945 0 0 0 0
0 1 0.000510219 0 0 0 0
0 -1 0 0 0.000504322 0 0
0 1 0.00116542 0 0 0 0
0 1 0.000595813 0 0 0 0
0 1 8.02332e-05 0 0 0 0
0 1 0.000384087 0 0 0 0
0 -1 0 0 0.000833185 0 0
0 1 0.0011052 0 0 0 0
0 -1 0 0 0.00123932 0 0
0 -1 0 0 0.00140167 0 0
0 -1 0 0 0.00138731 0 0
0 -1 0 0 0.00113138 0 0
0 -1 0 0 0.00109903 0 0
0 -1 0 0 0.000689939 0 0
0 -1 0 0 0.00055994 0 0
0 -2 0 0.000462959 0 0 0
0 1 0.000683566 0 0 0 0
0 -1 0 0 0.000707598 0 0
0 -2 0 0.0004578 0 0 0
0 1 0.000885074 0 0 0 0
0 2 0 0 0 0.000638856 0
0 1 0.000401035 0 0 0 0
0 2 0 0 0 0.000656044 0
0 1 0.000939207 0 0 0 0
0 2 0 0 0 0.00061003 0
0 2 0 0 0 0.000662956 0
0 2 0 0 0 0.00063111 0
0 1 0.00052926 0 0 0 0
0 1 0.000575147 0 0 0 0
0 1 0.00102121 0 0 0 0
0 1 0.000916156 0 0 0 0
0 1 0.000386515 0 0 0 0
0 1 0.000689579 0 0 0 0
0 1 0.000757524 0 0 0 0
0 1 0.00102072 0 0 0 0
0 1 0.000552822 0 0 0 0
0 1 0.000824259 0 0 0 0
0 -2 0 0.000443506 0 0 0
0 1 1.10986e-09 0 0 0 0
0 1 2.38643e-07 0 0 0 0
0 1 7.28474e-08 0 0 0 0
0 1 1.61759e-05 0 0 0 0
0 -1 0 0 0.000249237 0 0
0 1 4.88702e-05 0 0 0 0
0 -1 0 0 0.000715912 0 0
0 1 0.000387978 0 0 0 0
0 1 0.000860163 0 0 0 0
0 -1 0 0 0.00100585 0 0
0 -1 0 0 0.00132251 0 0
0 -1 0 0 0.00100219 0 0
0 -1 0 0 0.000755666 0 0
0 -1 0 0 0.000300134 0 0
0 -1 0 0 0.000205805 0 0
0 -1 0 0 0.000366766 0 0
0 -1 0 0 0.00035854 0 0
0 -1 0 0 1.17544e-05 0 0
0 -1 0 0 1.01162e-06 0 0
0 -1 0 0 8.0793e-05 0 0
0 1 1.06553e-06 0 0 0 0
0 -1 0 0 0.000247866 0 0
0 -1 0 0 0.000577081 0 0
0 -1 0 0 0.000812038 0 0
0 -1 0 0 0.00100273 0 0
0 -1 0 0 1.17659e-09 0 0
0 -1 0 0 1.27858e-14 0 0
0 1 1.71938e-09 0 0 0 0
0 -1 0 0 9.10832e-06 0 0
0 -1 0 0 9.8551e-05 0 0
0 -1 0 0 3.57097e-05 0 0
0 -1 0 0 0.000185402 0 0
0 -1 0 0 0.000308081 0 0
0 1 0.000552694 0 0 0 0
0 -1 0 0 0.000161905 0 0
0 -1 0 0 5.94404e-05 0 0
0 -1 0 0 0.000111121 0 0
0 -1 0 0 0.0001133 0 0
0 -1 0 0 0.000289284 0 0
0 1 0.000482183 0 0 0 0
0 -1 0 0 0.0012374 0 0
0 -1 0 0 0.00117019 0 0
0 1 0.000500016 0 0 0 0
0 -1 0 0 0.00121196 0 0
0 -1 0 0 0.000679661 0 0
0 -1 0 0 0.000822316 0 0
0 -1 0 0 0.000206006 0 0
0 -1 0 0 8.44014e-05 0 0
0 1 9.94533e-05 0 0 0 0
0 -1 0 0 0.000332887 0 0
0 1 0.000876778 0 0 0 0
0 1 0.000936387 0 0 0 0
0 -1 0 0 3.33459e-05 0 0
0 1 0.000342598 0 0 0 0
0 -1 0 0 0.000293626 0 0
0 1 6.05024e-05 0 0 0 0
0 1 0.000275665 0 0 0 0
0 -1 0 0 0.00022414 0 0
0 -1 0 0 0.000273984 0 0
0 -1 0 0 0.000184089 0 0
0 -1 0 0 0.000127319 0 0
0 -1 0 0 0.000159537 0 0
0 -1 0 0 3.87749e-05 0 0
0 -1 0 0 6.9295e-06 0 0
0 -1 0 0 2.48626e-07 0 0
0 -1 0 0 1.42294e-07 0 0
0 -1 0 0 3.39179e-07 0 0
0 -1 0 0 2.01185e-06 0 0
0 1 1.20317e-05 0 0 0 0
0 -1 0 0 8.20032e-05 0 0
0 -1 0 0 4.69416e-06 0 0
0 -1 0 0 1.18654e-07 0 0
0 -1 0 0 4.18968e-08 0 0
0 -1 0 0 2.96879e-07 0 0
0 -1 0 0 1.2119e-05 0 0
0 1 0.000103236 0 0 0 0
0 -1 0 0 0.000114559 0 0
0 1 9.9038e-05 0 0 0 0
0 1 0.000679017 0 0 0 0
0 1 0.000509586 0 0 0 0
0 1 0.000723892 0 0 0 0
0 1 0.000438776 0 0 0 0
0 1 0.00019088 0 0 0 0
0 -2 0 0.000434715 0 0 0
0 1 0.000706355 0 0 0 0
0 -2 0 0.000489004 0 0 0
0 1 0.00111344 0 0 0 0
0 -1 0 0 0.00185567 0 0
0 -1 0 0 0.000157684 0 0
0 1 7.46902e-06 0 0 0 0
0 1 0.000454196 0 0 0 0
0 -2 0 0.000438656 0 0 0
0 -2 0 0.000443313 0 0 0
0 1 0.000178159 0 0 0 0
0 -1 0 0 2.74616e-06 0 0
0 1 3.3108e-05 0 0 0 0
0 1 1.16895e-05 0 0 0 0
0 1 2.55202e-06 0 0 0 0
0 1 6.88078e-06 0 0 0 0
0 1 0.000104175 0 0 0 0
0 1 0.00053983 0 0 0 0
0 1 0.000569999 0 0 0 0
0 1 0.000769043 0 0 0 0
0 1 0.000726444 0 0 0 0
0 2 0 0 0 0.000584846 0
0 1 0.000655495 0 0 0 0
0 1 0.000684745 0 0 0 0
0 2 0 0 0 0.000650404 0
0 2 0 0 0 0.000669184 0
0 2 0 0 0 0.000680986 0
0 2 0 0 0 0.000680933 0
0 2 0 0 0 0.000687571 0
0 1 0.00120588 0 0 0 0
0 2 0 0 0 0.000675035 0
0 2 0 0 0 0.000568196 0
0 2 0 0 0 0.000602078 0
0 1 0.000469794 0 0 0 0
0 1 0.000729244 0 0 0 0
0 1 0.000479955 0 0 0 0
0 1 0.000392263 0 0 0 0
0 1 5.61547e-05 0 0 0 0
0 -1 0 0 0.000523944 0 0
0 1 0.000285494 0 0 0 0
0 1 0.000244745 0 0 0 0
0 1 0.000357962 0 0 0 0
0 1 0.000103576 0 0 0 0
0 2 0 0 0 0.000588423 0
0 1 0.000100683 0 0 0 0
0 1 0.00110145 0 0 0 0
0 -1 0 0 0.000415458 0 0
0 -1 0 0 1.96131e-05 0 0
0 1 5.10147e-05 0 0 0 0
0 1 0.000213637 0 0 0 0
0 -1 0 0 0.000631903 0 0
0 -1 0 0 0.000419857 0 0
0 -1 0 0 0.00019532 0 0
0 1 1.03665e-11 0 0 0 0
0 1 2.28965e-14 0 0 0 0
0 1 2.94786e-16 0 0 0 0
0 -1 0 0 2.73212e-11 0 0
0 -1 0 0 3.56224e-05 0 0
0 -1 0 0 7.23294e-05 0 0
0 1 7.06842e-05 0 0 0 0
0 1 0.000254882 0 0 0 0
0 -1 0 0 4.21312e-05 0 0
0 -1 0 0 4.2047e-06 0 0
0 -1 0 0 6.53723e-07 0 0
0 2 0 0 0 1.65407e-10 0
0 -1 0 0 1.54967e-08 0 0
0 1 1.83619e-11 0 0 0 0
0 1 8.0496e-17 0 0 0 0
0 1 1.10187e-20 0 0 0 0
0 -1 0 0 7.54876e-14 0 0
0 -1 0 0 4.59085e-11 0 0
0 -1 0 0 8.77971e-05 0 0
0 1 0.000246835 0 0 0 0
0 -1 0 0 0.000833185 0 0
0 1 0.0011052 0 0 0 0
0 -1 0 0 0.00123932 0 0
0 -1 0 0 0.00140167 0 0
0 -1 0 0 0.00138731 0 0
0 -1 0 0 0.00113138 0 0
0 -1 0 0 0.00109903 0 0
0 -1 0 0 0.000689939 0 0
0 -1 0 0 0.00055994 0 0
0 -2 0 0.000462959 0 0 0
0 1 0.000683566 0 0 0 0
0 -1 0 0 0.000707598 0 0
0 -2 0 0.0004578 0 0 0
0 1 0.000885074 0 0 0 0
0 2 0 0 0 0.000638856 0
0 1 0.000401035 0 0 0 0
0 2 0 0 0 0.000656044 0
0 1 0.000939207 0 0 0 0
0 2 0 0 0 0.00061003 0
0 2 0 0 0 0.000662956 0
0 2 0 0 0 0.00063111 0
0 1 0.00052926 0 0 0 0
0 1 0.000575147 0 0 0 0
0 1 0.00102121 0 0 0 0
0 1 0.000916156 0 0 0 0
0 1 0.000386515 0 0 0 0
0 1 0.000689579 0 0 0 0
0 1 0.000757524 0 0 0 0
0 1 0.00102072 0 0 0 0
0 1 0.000552822 0 0 0 0
0 1 0.000824259 0 0 0 0
0 -2 0 0.000443506 0 0 0
0 1 1.10986e-09 0 0 0 0
0 1 2.38643e-07 0 0 0 0
0 1 7.28474e-08 0 0 0 0
0 1 1.61759e-05 0 0 0 0
0 -1 0 0 0.000249237 0 0
0 1 4.88702e-05 0 0 0 0
0 -1 0 0 0.000715912 0 0
0 1 0.000387978 0 0 0 0
0 1 0.000860163 0 0 0 0
0 -1 0 0 0.00100585 0 0
0 -1 0 0 0.00132251 0 0
0 -1 0 0 0.00100219 0 0
0 -1 0 0 0.000755666 0 0
0 -1 0 0 0.000300134 0 0
0 -1 0 0 0.000205805 0 0
0 -1 0 0 0.000366766 0 0
0 -1 0 0 0.00035854 0 0
0 -1 0 0 1.17544e-05 0 0
0 -1 0 0 1.01162e-06 0 0
0 -1 0 0 8.0793e-05 0 0
0 1 1.06553e-06 0 0 0 0
0 -1 0 0 0.000247866 0 0
0 -1 0 0 0.000577081 0 0
0 -1 0 0 0.000812038 0 0
0 -1 0 0 0.00100273 0 0
0 -1 0 0 1.17659e-09 0 0
0 -1 0 0 1.27858e-14 0 0
0 1 1.71938e-09 0 0 0 0
0 -1 0 0 9.10832e-06 0 0
0 -1 0 0 9.8551e-05 0 0
0 -1 0 0 3.57097e-05 0 0
0 -1 0 0 0.000185402 0 0
0 -1 0 0 0.000308081 0 0
0 1 0.000552694 0 0 0 0
0 -1 0 0 0.000161905 0 0
0 -1 0 0 5.94404e-05 0 0
0 -1 0 0 0.000111121 0 0
0 -1 0 0 0.0001133 0 0
0 -1 0 0 0.000289284 0 0
0 1 0.000482183 0 0 0 0
0 -1 0 0 0.0012374 0 0
0 -1 0 0 0.00117019 0 0
0 1 0.000500016 0 0 0 0
0 -1 0 0 0.00121196 0 0
0 -1 0 0 0.000679661 0 0
0 -1 0 0 0.000822316 0 0
0 -1 0 0 0.000206006 0 0
0 -1 0 0 8.44014e-05 0 0
0 1 9.94533e-05 0 0 0 0
0 -1 0 0 0.000332887 0 0
0 1 0.000876778 0 0 0 0
0 1 0.000936387 0 0 0 0
0 -1 0 0 3.33459e-05 0 0
0 1 0.000342598 0 0 0 0
0 -1 0 0 0.000293626 0 0
0 1 6.05024e-05 0 0 0 0
0 1 0.000275665 0 0 0 0
0 -1 0 0 0.00022414 0 0
0 -1 0 0 0.000273984 0 0
0 -1 0 0 0.000184089 0 0
0 -1 0 0 0.000127319 0 0
0 -1 0 0 0.000159537 0 0
0 -1 0 0 3.87749e-05 0 0
0 -1 0 0 6.9295e-06 0 0
0 -1 0 0 2.48626e-07 0 0
0 -1 0 0 1.42294e-07 0 0
0 -1 0 0 3.39179e-07 0 0
0 -1 0 0 2.01185e-06 0 0
0 1 1.20317e-05 0 0 0 0
0 -1 0 0 8.20032e-05 0 0
0 -1 0 0 4.69416e-06 0 0
0 -1 0 0 1.18654e-07 0 0
0 -1 0 0 4.18968e-08 0 0
0 -1 0 0 2.96879e-07 0 0
0 -1 0 0 1.2119e-05 0 0
0 1 0.000103236 0 0 0 0
0 -1 0 0 0.000114559 0 0
0 1 9.9038e-05 0 0 0 0
0 1 0.000679017 0 0 0 0
0 1 0.000509586 0 0 0 0
0 1 0.000723892 0 0 0 0
0 1 0.000438776 0 0 0 0
0 1 0.00019088 0 0 0 0
0 -2 0 0.000434715 0 0 0
0 1 0.000706355 0 0 0 0
0 -2 0 0.000489004 0 0 0
0 1 0.00111344 0 0 0 0
0 -1 0 0 0.00185567 0 0
0 -1 0 0 0.000157684 0 0
0 1 7.46902e-06 0 0 0 0
0 1 0.000454196 0 0 0 0
0 -2 0 0.000438656 0 0 0
0 -2 0 0.000443313 0 0 0
0 1 0.000178159 0 0 0 0
0 -1 0 0 2.74616e-06 0 0
0 1 3.3108e-05 0 0 0 0
0 1 1.16895e-05 0 0 0 0
0 1 2.55202e-06 0 0 0 0
0 1 6.88078e-06 0 0 0 0
0 1 0.000104175 0 0 0 0
0 1 0.00053983 0 0 0 0
0 1 0.000569999 0 0 0 0
0 1 0.000769043 0 0 0 0
0 1 0.000726444 0 0 0 0
0 2 0 0 0 0.000584846 0
0 1 0.000655495 0 0 0 0
0 1 0.000684745 0 0 0 0
0 2 0 0 0 0.000650404 0
0 2 0 0 0 0.000669184 0
0 2 0 0 0 0.000680986 0
0 2 0 0 0 0.000680933 0
0 2 0 0 0 0.000687571 0
0 1 0.00120588 0 0 0 0
0 2 0 0 0 0.000675035 0
0 2 0 0 0 0.000568196 0
0 2 0 0 0 0.000602078 0
0 1 0.000469794 0 0 0 0
0 1 0.000729244 0 0 0 0
0 1 0.000479955 0 0 0 0
0 1 0.000392263 0 0 0 0
0 1 5.61547e-05 0 0 0 0
0 -1 0 0 0.000523944 0 0
0 1 0.000285494 0 0 0 0
0 1 0.000244745 0 0 0 0
0 1 0.000357962 0 0 0 0
0 1 0.000103576 0 0 0 0
0 2 0 0 0 0.000588423 0
0 1 0.000100683 0 0 0 0
0 1 0.00110145 0 0 0 0
0 -1 0 0 0.000415458 0 0
0 -1 0 0 1.96131e-05 0 0
0 1 5.10147e-05 0 0 0 0
0 1 0.000213637 0 0 0 0
0 -1 0 0 0.000631903 0 0
0 -1 0 0 0.000419857 0 0
0 -1 0 0 0.00019532 0 0
0 1 1.03665e-11 0 0 0 0
0 1 2.28965e-14 0 0 0 0
0 1 2.94786e-16 0 0 0 0
0 -1 0 0 2.73212e-11 0 0
0 -1 0 0 3.56224e-05 0 0
0 -1 0 0 7.23294e-05 0 0
0 1 7.06842e-05 0 0 0 0
0 1 0.000254882 0 0 0 0
0 -1 0 0 4.21312e-05 0 0
0 -1 0 0 4.2047e-06 0 0
0 -1 0 0 6.53723e-07 0 0
0 2 0 0 0 1.65407e-10 0
0 -1 0 0 1.54967e-08 0 0
0 1 1.83619e-11 0 0 0 0
0 1 8.0496e-17 0 0 0 0
0 1 1.10187e-20 0 0 0 0
0 -1 0 0 7.54876e-14 0 0
0 -1 0 0 4.59085e-11 0 0
0 -1 0 0 8.77971e-05 0 0
0 1 0.000246835 0 0 0 0
0 1 0.00072029 0 0 0 0
0 1 0.000648087 0 0 0 0
0 -1 0 0 0.000733876 0 0
0 1 0.000330672 0 0 0 0
0 1 0.00130568 0 0 0 0
0 -1 0 0 0.000827007 0 0
0 1 0.000690151 0 0 0 0
0 -1 0 0 0.000598593 0 0
0 1 0.000361671 0 0 0 0
0 1 0.000609734 0 0 0 0
0 -1 0 0 0.000702682 0 0
0 -1 0 0 0.000740454 0 0
0 1 0.000765078 0 0 0 0
0 1 0.000156277 0 0 0 0
0 -1 0 0 0.000142832 0 0
0 -1 0 0 0.000282278 0 0
0 -1 0 0 0.000470565 0 0
0 -1 0 0 6.42741e-05 0 0
0 1 0.000201605 0 0 0 0
0 1 0.000249759 0 0 0 0
0 -1 0 0 0.000198549 0 0
0 2 0 0 0 0.000538887 0
0 1 1.28115e-06 0 0 0 0
0 -1 0 0 8.60167e-05 0 0
0 -1 0 0 5.22553e-07 0 0
0 -1 0 0 3.66086e-15 0 0
0 1 7.32168e-46 0 0 0 0
0 1 1.11586e-14 0 0 0 0
0 1 9.36622e-06 0 0 0 0
0 1 3.82409e-05 0 0 0 0
0 -1 0 0 1.99365e-12 0 0
0 1 1.74673e-12 0 0 0 0
0 1 2.62885e-06 0 0 0 0
0 1 0.000134829 0 0 0 0
0 1 0.000942356 0 0 0 0
0 1 0.000520775 0 0 0 0
0 1 0.00139879 0 0 0 0
0 -2 0 0.00131657 0 0 0
0 1 0.0015916 0 0 0 0
0 1 0.00124702 0 0 0 0
0 -2 0 0.0012775 0 0 0
0 1 0.000987924 0 0 0 0
0 1 0.00144557 0 0 0 0
0 -1 0 0 0.000929112 0 0
0 1 0.00134132 0 0 0 0
0 1 0.00228036 0 0 0 0
0 -1 0 0 0.00124223 0 0
0 1 0.00148386 0 0 0 0
0 1 0.00196223 0 0 0 0
0 1 0.00158131 0 0 0 0
0 1 0.000677867 0 0 0 0
0 -1 0 0 0.00174497 0 0
0 -1 0 0 0.00102105 0 0
0 1 0.00014427 0 0 0 0
0 -1 0 0 0.00195291 0 0
0 -1 0 0 0.000387874 0 0
0 -1 0 0 7.89148e-08 0 0
0 1 1.13968e-05 0 0 0 0
0 1 3.17756e-06 0 0 0 0
0 1 1.0749e-05 0 0 0 0
0 1 2.59107e-05 0 0 0 0
0 1 2.76895e-05 0 0 0 0
0 1 9.40531e-05 0 0 0 0
0 -1 0 0 8.49327e-11 0 0
0 1 0.000279725 0 0 0 0
0 1 5.26181e-05 0 0 0 0
0 1 1.51043e-07 0 0 0 0
0 1 8.15882e-08 0 0 0 0
0 1 1.54595e-06 0 0 0 0
0 1 0.000406514 0 0 0 0
0 1 4.57317e-05 0 0 0 0
0 1 5.34009e-05 0 0 0 0
0 1 6.14439e-05 0 0 0 0
0 1 0.00016269 0 0 0 0
0 -2 0 0.000529774 0 0 0
0 1 1.28481e-05 0 0 0 0
0 1 0.000448126 0 0 0 0
0 1 0.000114003 0 0 0 0
0 -2 0 0.000168615 0 0 0
0 1 1.76548e-06 0 0 0 0
0 1 2.44265e-05 0 0 0 0
0 1 0.000404816 0 0 0 0
0 1 0.000459936 0 0 0 0
0 1 0.000820659 0 0 0 0
0 1 0.00083673 0 0 0 0
0 1 0.000546109 0 0 0 0
0 1 0.000546251 0 0 0 0
0 -1 0 0 0.000532973 0 0
0 -1 0 0 0.000192949 0 0
0 -1 0 0 0.000570362 0 0
0 1 0.00204756 0 0 0 0
0 1 0.000475013 0 0 0 0
0 -1 0 0 9.26497e-06 0 0
0 1 7.69177e-06 0 0 0 0
0 1 2.92729e-05 0 0 0 0
0 1 4.69145e-05 0 0 0 0
0 1 4.0691e-05 0 0 0 0
0 1 0.000525743 0 0 0 0
0 1 0.000475021 0 0 0 0
0 1 0.000399893 0 0 0 0
0 1 3.39446e-09 0 0 0 0
0 -1 0 0 0.00131173 0 0
0 1 0.00115968 0 0 0 0
0 2 0 0 0 0.0011094 0
0 1 0.00038581 0 0 0 0
0 -1 0 0 0.00111351 0 0
0 -1 0 0 0.00117997 0 0
0 -1 0 0 0.00112888 0 0
0 1 0.000527276 0 0 0 0
0 1 0.000561769 0 0 0 0
0 1 0.000240473 0 0 0 0
0 1 0.000352868 0 0 0 0
0 -1 0 0 0.000450521 0 0
0 1 0.000814552 0 0 0 0
0 1 0.000342356 0 0 0 0
0 1 4.89648e-05 0 0 0 0
0 1 6.44082e-06 0 0 0 0
0 1 1.79152e-06 0 0 0 0
0 1 0.000519425 0 0 0 0
0 1 0.000505638 0 0 0 0
0 -1 0 0 0.000473154 0 0
0 -1 0 0 6.53964e-05 0 0
0 -1 0 0 0.000170425 0 0
0 1 0.000506789 0 0 0 0
0 1 0.000397501 0 0 0 0
0 -1 0 0 1.3942e-06 0 0
0 -1 0 0 4.37374e-05 0 0
0 -1 0 0 0.000526607 0 0
0 -1 0 0 0.000764523 0 0
0 -1 0 0 0.000677617 0 0
0 1 4.13509e-05 0 0 0 0
0 -1 0 0 0.00140281 0 0
0 1 0.00166508 0 0 0 0
0 1 0.00138469 0 0 0 0
0 -1 0 0 0.00169132 0 0
0 -1 0 0 0.000801111 0 0
0 -1 0 0 0.000556762 0 0
0 1 0.000405993 0 0 0 0
0 -1 0 0 0.00032301 0 0
0 1 0.00045168 0 0 0 0
0 1 6.355e-05 0 0 0 0
0 1 1.08885e-05 0 0 0 0
0 1 0.000470455 0 0 0 0
0 -1 0 0 1.22908e-08 0 0
0 -1 0 0 5.38557e-09 0 0
0 -1 0 0 2.49642e-05 0 0
0 -1 0 0 0.000597329 0 0
0 1 0.000369145 0 0 0 0
0 -1 0 0 0.000420061 0 0
0 1 1.26939e-05 0 0 0 0
0 1 4.72506e-06 0 0 0 0
0 -1 0 0 1.4376e-06 0 0
0 -1 0 0 4.37742e-06 0 0
0 1 0.000351028 0 0 0 0
0 -1 0 0 0.000365263 0 0
0 1 0.000380122 0 0 0 0
0 -1 0 0 0.000646061 0 0
0 -1 0 0 0.000517092 0 0
0 -1 0 0 0.000438117 0 0
0 -1 0 0 0.000672718 0 0
0 -1 0 0 0.000642189 0 0
0 -1 0 0 0.000360419 0 0
0 1 5.41323e-08 0 0 0 0
0 1 2.92021e-06 0 0 0 0
0 -1 0 0 3.10235e-05 0 0
0 1 0.000729018 0 0 0 0
0 -1 0 0 0.000710781 0 0
0 -1 0 0 0.00106899 0 0
0 -1 0 0 0.000930566 0 0
0 -1 0 0 1.9434e-08 0 0
0 -1 0 0 0.00124059 0 0
0 -1 0 0 0.00119925 0 0
0 -1 0 0 0.000984305 0 0
0 -1 0 0 0.000602392 0 0
0 -1 0 0 0.000293148 0 0
0 -1 0 0 0.000284533 0 0
0 -1 0 0 0.000510333 0 0
0 1 0.000355185 0 0 0 0
0 -1 0 0 0.000345721 0 0
0 1 0.000322297 0 0 0 0
0 -1 0 0 0.000514946 0 0
0 1 0.000317281 0 0 0 0
0 -1 0 0 0.000201468 0 0
0 1 1.20065e-06 0 0 0 0
0 1 7.71937e-06 0 0 0 0
0 -1 0 0 1.18218e-11 0 0
0 2 0 0 0 0.000602515 0
0 2 0 0 0 0.000625669 0
0 -1 0 0 7.9448e-09 0 0
0 -1 0 0 3.28965e-08 0 0
0 -1 0 0 9.78002e-07 0 0
0 1 0.000261696 0 0 0 0
0 -1 0 0 0.000478937 0 0
0 -1 0 0 0.00115578 0 0
0 -1 0 0 0.000677773 0 0
0 -1 0 0 0.000969734 0 0
0 2 0 0 0 0.00121832 0
0 -1 0 0 0.000992787 0 0
0 -1 0 0 0.000910772 0 0
0 -1 0 0 0.000645722 0 0
0 -1 0 0 0.000809402 0 0
0 -1 0 0 0.000725133 0 0
0 -1 0 0 0.00033892 0 0
0 -1 0 0 0.000206479 0 0
0 -1 0 0 0.000158197 0 0
0 1 4.95825e-06 0 0 0 0
0 1 6.41961e-05 0 0 0 0
0 1 0.000111445 0 0 0 0
0 1 0.000142584 0 0 0 0
0 -1 0 0 0.00110219 0 0
0 -2 0 0.000901242 0 0 0
0 1 0.000912312 0 0 0 0
0 -1 0 0 0.0016667 0 0
0 1 0.000997329 0 0 0 0
0 1 0.000758498 0 0 0 0
0 1 5.74961e-05 0 0 0 0
0 -1 0 0 0.00143397 0 0
0 -1 0 0 0.000200285 0 0
0 1 0.000223521 0 0 0 0
0 2 0 0 0 0.000199786 0
0 1 0.000478639 0 0 0 0
0 1 5.15679e-06 0 0 0 0
0 1 0.000183742 0 0 0 0
0 -1 0 0 0.000195953 0 0
0 -1 0 0 0.000662126 0 0
0 1 0.000181454 0 0 0 0
0 1 0.000451409 0 0 0 0
0 1 0.000262026 0 0 0 0
0 -1 0 0 0.00050972 0 0
0 1 4.85901e-07 0 0 0 0
0 1 0.000199245 0 0 0 0
0 -1 0 0 0.0016854 0 0
0 1 0.000227512 0 0 0 0
0 -1 0 0 0.000540173 0 0
0 -1 0 0 2.5724e-05 0 0
0 1 5.64727e-05 0 0 0 0
0 -1 0 0 0.000121718 0 0
0 -1 0 0 0.00023155 0 0
0 -1 0 0 1.80927e-05 0 0
0 -1 0 0 1.5158e-05 0 0
0 -1 0 0 2.04023e-07 0 0
0 -1 0 0 8.05123e-08 0 0
0 -1 0 0 0.000322083 0 0
0 1 0.00036878 0 0 0 0
0 -1 0 0 2.87453e-05 0 0
0 1 6.51186e-05 0 0 0 0
0 -1 0 0 0.000349153 0 0
0 1 3.96123e-05 0 0 0 0
0 1 1.31631e-05 0 0 0 0
0 -1 0 0 7.10648e-05 0 0
0 1 0.0010195 0 0 0 0
0 -1 0 0 0.000871948 0 0
0 1 0.000118626 0 0 0 0
0 1 7.5182e-05 0 0 0 0
0 1 0.00016976 0 0 0 0
0 1 0.000517975 0 0 0 0
0 1 1.13375e-05 0 0 0 0
0 -1 0 0 0.0005118 0 0
0 -1 0 0 0.00102479 0 0
0 -1 0 0 0.00154699 0 0
0 1 0.00102772 0 0 0 0
0 1 0.00115039 0 0 0 0
0 1 0.000362825 0 0 0 0
0 1 0.00104729 0 0 0 0
0 -1 0 0 0.000988488 0 0
0 1 0.00096686 0 0 0 0
0 1 0.000461685 0 0 0 0
0 1 0.000191046 0 0 0 0
0 1 0.00102609 0 0 0 0
0 -1 0 0 0.00238359 0 0
0 1 0.00265543 0 0 0 0
0 1 2.10537e-06 0 0 0 0
0 1 0.000140747 0 0 0 0
0 -1 0 0 0.000564286 0 0
0 -1 0 0 0.00126806 0 0
0 1 0.000801199 0 0 0 0
0 1 0.000421658 0 0 0 0
0 1 0.000962393 0 0 0 0
0 -2 0 0.00196097 0 0 0
0 1 0.00254639 0 0 0 0
0 1 0.000377698 0 0 0 0
0 1 0.00148087 0 0 0 0
0 1 0.0017109 0 0 0 0
0 1 0.000378194 0 0 0 0
0 1 6.12866e-05 0 0 0 0
0 1 0.000121311 0 0 0 0
0 1 0.00052198 0 0 0 0
0 -1 0 0 0.000622828 0 0
0 1 0.000436727 0 0 0 0
0 1 0.00098735 0 0 0 0
0 1 0.000918045 0 0 0 0
0 1 0.00090507 0 0 0 0
0 1 0.000636651 0 0 0 0
0 1 0.000455404 0 0 0 0
0 1 1.62494e-05 0 0 0 0
0 1 0.000473305 0 0 0 0
0 -1 0 0 0.00215034 0 0
0 -1 0 0 0.0021133 0 0
0 -1 0 0 0.0017489 0 0
0 1 0.00121132 0 0 0 0
0 -1 0 0 0.00121153 0 0
0 1 0.000636909 0 0 0 0
0 -1 0 0 0.00168443 0 0
0 -1 0 0 0.000970079 0 0
0 -1 0 0 0.000914343 0 0
0 -1 0 0 0.000840195 0 0
0 -1 0 0 0.000781809 0 0
0 -1 0 0 0.000453446 0 0
0 -1 0 0 0.000220678 0 0
0 1 0.000329639 0 0 0 0
0 -1 0 0 0.000201189 0 0
0 1 0.00153573 0 0 0 0
0 1 0.00193175 0 0 0 0
0 1 0.00172073 0 0 0 0
0 1 0.00104258 0 0 0 0
0 1 0.00101854 0 0 0 0
0 1 6.64736e-05 0 0 0 0
0 1 8.68766e-05 0 0 0 0
0 -1 0 0 6.52868e-05 0 0
0 -1 0 0 0.00041374 0 0
0 1 0.000235398 0 0 0 0
0 -1 0 0 0.000690233 0 0
0 1 4.99739e-05 0 0 0 0
0 1 0.000371859 0 0 0 0
0 1 0.000377404 0 0 0 0
0 1 0.000401621 0 0 0 0
0 -1 0 0 0.000444387 0 0
0 1 1.43299e-05 0 0 0 0
0 1 1.80568e-06 0 0 0 0
0 1 1.46647e-06 0 0 0 0
0 -2 0 0.000355641 0 0 0
0 1 4.90242e-05 0 0 0 0
0 1 7.20044e-07 0 0 0 0
0 1 9.25725e-05 0 0 0 0
0 1 0.00100739 0 0 0 0
0 1 0.000780531 0 0 0 0
0 1 0.00100505 0 0 0 0
0 -2 0 0.00136471 0 0 0
0 1 0.00110794 0 0 0 0
0 -1 0 0 0.000957884 0 0
0 1 0.000495027 0 0 0 0
0 1 2.9365e-07 0 0 0 0
0 -1 0 0 0.000485338 0 0
0 1 0.000552746 0 0 0 0
0 1 0.000274002 0 0 0 0
0 1 0.000112671 0 0 0 0
0 1 0.000491945 0 0 0 0
0 1 0.000510219 0 0 0 0
0 -1 0 0 0.000504322 0 0
0 1 0.00116542 0 0 0 0
0 1 0.000595813 0 0 0 0
0 1 8.02332e-05 0 0 0 0
0 1 0.000384087 0 0 0 0
